PLAYER_ID,PLAYER_NAME,TEAM_ID,TEAM_ABBREVIATION,AGE,MIN,FGM,FGA,FG_PCT,FG3M,FG3A,FG3_PCT,FTM,FTA,FT_PCT,OREB,DREB,REB,AST,TOV,STL,BLK,BLKA,PF,PFD,PTS,PLUS_MINUS,E_TOV_PCT,DEF_RATING,OFF_RATING,TM_TOV_PCT,REB_PCT,DREB_PCT,E_DEF_RATING,OREB_PCT,POSS,E_NET_RATING,E_USG_PCT,PACE_PER40,E_OFF_RATING,E_PACE,PIE,EFG_PCT,PACE,AST_PCT,TS_PCT,AST_RATIO,NET_RATING,AST_TO,USG_PCT,AST_TO_PASS_PCT,AST_TO_PASS_PCT_ADJ,FT_AST,AST_PTS_CREATED,POTENTIAL_AST,PASSES_MADE,AST_ADJ,PASSES_RECEIVED,SECONDARY_AST,DRIVE_FGA,DRIVE_TOV_PCT,DRIVE_PF,DRIVE_FT_PCT,DRIVE_FTA,DRIVE_PTS,DRIVE_PTS_PCT,DRIVE_AST,DRIVE_PASSES,DRIVE_PF_PCT,DRIVE_FGM,DRIVE_PASSES_PCT,DRIVE_FTM,DRIVE_TOV,DRIVES,DRIVE_AST_PCT,DRIVE_FG_PCT,PTS_PER_ELBOW_TOUCH,TIME_OF_POSS,PTS_PER_PAINT_TOUCH,FRONT_CT_TOUCHES,PTS_PER_POST_TOUCH,TOUCHES,ELBOW_TOUCHES,AVG_DRIB_PER_TOUCH,PAINT_TOUCHES,AVG_SEC_PER_TOUCH,PTS_PER_TOUCH,POST_TOUCHES,DREB_CONTEST_PCT,DREB_CHANCE_PCT,OREB_CONTEST_PCT,OREB_UNCONTEST,OREB_CHANCE_DEFER,AVG_OREB_DIST,OREB_CHANCE_PCT,DREB_CONTEST,OREB_CHANCE_PCT_ADJ,DREB_UNCONTEST,REB_CHANCE_DEFER,REB_CHANCE_PCT,REB_CONTEST,OREB_CONTEST,DREB_CHANCE_PCT_ADJ,REB_CHANCE_PCT_ADJ,DREB_CHANCES,REB_CHANCES,REB_UNCONTEST,REB_CONTEST_PCT,AVG_DREB_DIST,OREB_CHANCES,AVG_REB_DIST,DREB_CHANCE_DEFER,very_tight_FG2A,very_tight_FGA_FREQUENCY,very_tight_FGM,very_tight_FG3_PCT,very_tight_FG3A_FREQUENCY,very_tight_EFG_PCT,very_tight_FG3M,very_tight_FG2M,very_tight_FG2A_FREQUENCY,very_tight_FG_PCT,very_tight_FGA,very_tight_FG2_PCT,very_tight_FG3A,tight_FG3A_FREQUENCY,tight_FGA_FREQUENCY,tight_FGA,tight_FG3A,tight_FG3_PCT,tight_FGM,tight_EFG_PCT,tight_FG2A,tight_FG2M,tight_FG2A_FREQUENCY,tight_FG_PCT,tight_FG3M,tight_FG2_PCT,open_FG2_PCT,open_FGA,open_EFG_PCT,open_FG2A_FREQUENCY,open_FGA_FREQUENCY,open_FG_PCT,open_FG3A_FREQUENCY,open_FG3_PCT,open_FG3M,open_FG3A,open_FG2M,open_FGM,open_FG2A,wide_open_FGA,wide_open_FG3_PCT,wide_open_FGM,wide_open_FG3M,wide_open_FGA_FREQUENCY,wide_open_FG2_PCT,wide_open_EFG_PCT,wide_open_FG3A,wide_open_FG2M,wide_open_FG3A_FREQUENCY,wide_open_FG2A_FREQUENCY,wide_open_FG2A,wide_open_FG_PCT,PULL_UP_FGM,PULL_UP_EFG_PCT,PULL_UP_FG3M,PULL_UP_PTS,PULL_UP_FG3_PCT,PULL_UP_FG_PCT,PULL_UP_FG3A,PULL_UP_FGA,PAINT_TOUCH_FG_PCT,ELBOW_TOUCH_PTS,EFF_FG_PCT,PAINT_TOUCH_PTS,POST_TOUCH_FG_PCT,ELBOW_TOUCH_FG_PCT,POST_TOUCH_PTS,CATCH_SHOOT_PTS,CATCH_SHOOT_FG_PCT,CORNER_3_FGA,ABOVE_BREAK_3_FG_PCT,RA_FGM,LEFT_CORNER_3_FG_PCT,RIGHT_CORNER_3_FG_PCT,BACKCOURT_FG_PCT,RIGHT_CORNER_3_FGA,RA_FGA,MID_FG_PCT,RA_FG_PCT,ABOVE_BREAK_3_FGA,ITP_FGM,BACKCOURT_FGM,MID_FGM,ITP_FGA,CORNER_3_FGM,BACKCOURT_FGA,CORNER_3_FG_PCT,MID_FGA,LEFT_CORNER_3_FGM,ITP_FG_PCT,ABOVE_BREAK_3_FGM,RIGHT_CORNER_3_FGM,LEFT_CORNER_3_FGA,LT_06_PCT,FGM_LT_06,FREQ,PLUSMINUS,NS_LT_06_PCT,FGA_LT_06,FGA_20_24,FGM_30_34,FGP_15_19,FGA_30_34,FGA_35_39,FGM_10_14,FGP_LT_5,FGM_20_24,FGM_25_29,FGP_10_14,FGM_40_PLUS,FGP_40_PLUS,FGA_15_19,FGA_40_PLUS,FGA_10_14,FGA_25_29,FGP_35_39,FGP_5_9,FGM_15_19,FGM_5_9,FGA_LT_5,FGP_20_24,FGM_LT_5,FGM_35_39,FGP_30_34,FGA_5_9,FGP_25_29,CATCH_SHOOT_EFG_PCT,CATCH_SHOOT_FG3A,CATCH_SHOOT_FG3M,CATCH_SHOOT_FG3_PCT,CATCH_SHOOT_FGM,CATCH_SHOOT_FGA,PCT_PLUSMINUS,D_FGA,D_FGM,NORMAL_FG_PCT,D_FG_PCT,three_pt_def_FG3A,three_pt_def_NS_FG3_PCT,three_pt_def_FG3M,three_pt_def_FG3_PCT,two_pt_def_FG2_PCT,two_pt_def_NS_FG2_PCT,two_pt_def_FG2A,two_pt_def_FG2M,less_10ft_def_FGA_LT_10,less_10ft_def_FGM_LT_10,less_10ft_def_NS_LT_10_PCT,less_10ft_def_LT_10_PCT,more_15ft_def_FGA_GT_15,more_15ft_def_GT_15_PCT,more_15ft_def_FGM_GT_15,more_15ft_def_NS_GT_15_PCT,hustle_BOX_OUTS,hustle_CHARGES_DRAWN,hustle_PCT_BOX_OUTS_DEF,hustle_PCT_BOX_OUTS_TEAM_REB,hustle_PCT_LOOSE_BALLS_RECOVERED_DEF,hustle_PCT_LOOSE_BALLS_RECOVERED_OFF,hustle_CONTESTED_SHOTS,hustle_BOX_OUT_PLAYER_REBS,hustle_CONTESTED_SHOTS_2PT,hustle_DEFLECTIONS,hustle_SCREEN_ASSISTS,hustle_PCT_BOX_OUTS_REB,hustle_DEF_LOOSE_BALLS_RECOVERED,hustle_OFF_BOXOUTS,hustle_OFF_LOOSE_BALLS_RECOVERED,hustle_LOOSE_BALLS_RECOVERED,hustle_DEF_BOXOUTS,hustle_PCT_BOX_OUTS_OFF,hustle_SCREEN_AST_PTS,hustle_CONTESTED_SHOTS_3PT,hustle_BOX_OUT_PLAYER_TEAM_REBS,post_touch_POST_TOUCH_PTS_PCT,post_touch_POST_TOUCH_FGM,post_touch_POST_TOUCH_FTM,post_touch_POST_TOUCH_FTA,post_touch_POST_TOUCH_FGA,post_touch_POST_TOUCH_AST,post_touch_POST_TOUCH_PASSES,post_touch_POST_TOUCH_TOV,post_touch_POST_TOUCH_TOV_PCT,post_touch_POST_TOUCH_AST_PCT,post_touch_POST_TOUCH_PASSES_PCT,post_touch_POST_TOUCH_FOULS_PCT,post_touch_POST_TOUCH_FOULS,post_touch_POST_TOUCH_FT_PCT,AVG_SPEED_OFF,DIST_MILES_DEF,AVG_SPEED_DEF,AVG_SPEED,DIST_MILES_OFF,DIST_MILES,year,AST_POINTS_CREATED,GAME_ID,opp_team_id ,date,season,playoffs,opp_team_abbr,NICKNAME,GP,W,L,W_PCT,NBA_FANTASY_PTS,DD2,TD3,WNBA_FANTASY_PTS,GP_RANK,W_RANK,L_RANK,W_PCT_RANK,MIN_RANK,FGM_RANK,FGA_RANK,FG_PCT_RANK,FG3M_RANK,FG3A_RANK,FG3_PCT_RANK,FTM_RANK,FTA_RANK,FT_PCT_RANK,OREB_RANK,DREB_RANK,REB_RANK,AST_RANK,TOV_RANK,STL_RANK,BLK_RANK,BLKA_RANK,PF_RANK,PFD_RANK,PTS_RANK,PLUS_MINUS_RANK,NBA_FANTASY_PTS_RANK,DD2_RANK,TD3_RANK,WNBA_FANTASY_PTS_RANK,TEAM_COUNT,team_poss,FGM_PG,FGA_PG_RANK,TM_TOV_PCT_RANK,FGM_PG_RANK,AST_RATIO_RANK,E_PACE_RANK,sp_work_OFF_RATING,sp_work_NET_RATING,sp_work_NET_RATING_RANK,NET_RATING_RANK,E_TOV_PCT_RANK,PIE_RANK,sp_work_DEF_RATING_RANK,AST_PCT_RANK,AST_TO_RANK,DEF_RATING_RANK,sp_work_OFF_RATING_RANK,sp_work_PACE,E_NET_RATING_RANK,E_DEF_RATING_RANK,REB_PCT_RANK,sp_work_DEF_RATING,E_USG_PCT_RANK,EFG_PCT_RANK,USG_PCT_RANK,E_OFF_RATING_RANK,OFF_RATING_RANK,TS_PCT_RANK,OREB_PCT_RANK,DREB_PCT_RANK,FGA_PG,PACE_RANK,sp_work_PACE_RANK,POINTS,G,PLAYER_LAST_TEAM_ABBREVIATION,PLAYER_POSITION,TEAM_ABBR,three_pt_def_FREQ,three_pt_def_PLUSMINUS,two_pt_def_FREQ,two_pt_def_PLUSMINUS,less_6ft_def_LT_06_PCT,less_6ft_def_FGM_LT_06,less_6ft_def_PLUSMINUS,less_6ft_def_FREQ,less_6ft_def_FGA_LT_06,less_6ft_def_NS_LT_06_PCT,less_10ft_def_PLUSMINUS,less_10ft_def_FREQ,more_15ft_def_FREQ,more_15ft_def_PLUSMINUS,hustle_TEAM_ABBREVIATION,post_touch_POST_TOUCH_FG_PCT,post_touch_TEAM_ABBREVIATION,post_touch_POST_TOUCHES,post_touch_TOUCHES,post_touch_POST_TOUCH_PTS,DIST_FEET,MIN1,index,HTM,VTM,team,opp_team,pullup_PULL_UP_FGM,pullup_PULL_UP_FGA,pullup_PULL_UP_FG_PCT,pullup_PULL_UP_PTS,pullup_PULL_UP_FG3M,pullup_PULL_UP_FG3A,pullup_PULL_UP_FG3_PCT,pullup_PULL_UP_EFG_PCT,overall_def_D_FGM,overall_def_D_FGA,overall_def_D_FG_PCT,overall_def_NORMAL_FG_PCT,overall_def_PCT_PLUSMINUS,lt6ft_totals_FGM_LT_06,lt6ft_totals_FGA_LT_06,lt6ft_totals_LT_06_PCT,lt6ft_totals_NS_LT_06_PCT,lt6ft_totals_PLUSMINUS,opp_team_id
1642905,Yang Hansen,1610612757,POR,20.0,5.266666666666667,0,1,0.0,0,0,0.0,2,2,1.0,1,0,1,0,0,0,0,1,1,1,2,-5,0.0,163.6,118.2,0.0,0.083,0.0,159.0,0.125,11,-60.5,0.132,83.54,98.5,111.74,0.016,0.0,100.25,0.0,0.532,0.0,-45.5,0.0,0.143,0.0,0.0,0.0,0.0,0.0,2.0,0.0,2.0,0.0,0.0,0.0,0.0,0.0,0.0,0.0,0.0,0.0,0.0,0.0,0.0,0.0,0.0,0.0,0.0,0.0,0.0,0.0,0.1,1.0,3.0,0.0,4.0,1.0,0.5,2.0,1.22,0.5,0.0,0.0,0.0,0.0,1.0,0.0,9.9,0.5,0.0,0.5,0.0,0.0,0.5,0.0,0.0,0.0,0.5,0.0,2.0,1.0,0.0,0.0,2.0,9.9,0.0,,,,,,,,,,,,,,0.0,1.0,1.0,0.0,,0.0,0.0,1.0,0.0,1.0,0.0,0.0,0.0,,,,,,,,,,,,,,,,,,,,,,,,,,,,,,,,,,,0.0,0.0,0.0,2.0,0.0,0.0,0.0,0.0,0.0,0.0,0.0,0.0,0.0,0.0,0.0,0.0,0.0,0.0,0.0,0.0,0.0,0.0,0.0,1.0,0.0,0.0,0.0,0.0,0.0,0.0,0.0,0.0,0.0,,,,,,,0.0,,0.0,,,0.0,0.0,0.0,0.0,0.0,0.0,0.0,0.0,0.0,0.0,0.0,,0.0,0.0,0.0,1.0,0.0,0.0,,,0.0,0.0,,,,,0,0,0.526,,,0.474,,,,,,1.0,0.552,3.0,3.0,,,,,,,,,1.0,0.0,1.0,1.0,0.0,0.0,1.0,0.0,1.0,0.0,2.0,0.0,0.0,0.0,0.0,0.0,1.0,0.0,4.0,0.0,1.0,0.0,0.0,0.0,0.0,0.0,0.0,0.0,0.0,0.0,0.0,0.0,0.0,0.0,0.0,5.51,0.2,4.18,4.75,0.2,0.4,2026,,22500089,,20251022,2025-26,False,MIN,ang Hansen,1.0,0.0,1.0,0.0,3.2,0.0,0.0,3.0,1.0,134.0,134.0,134.0,244.0,227.0,233.0,227.0,152.0,207.0,152.0,78.0,96.0,1.0,68.0,220.0,199.0,208.0,175.0,132.0,97.0,168.0,51.0,141.0,209.0,191.0,244.0,18.0,1.0,242.0,1.0,103.0,0.0,233.0,1.0,227.0,208.0,45.0,118.2,-45.5,258.0,258.0,1.0,225.0,267.0,208.0,149.0,267.0,102.0,100.25,263.0,267.0,123.0,163.6,192.0,227.0,174.0,213.0,102.0,151.0,24.0,220.0,1.0,205.0,205.0,2.0,,,,POR,,,1.0,0.448,,,,,,,,,,,POR,0.0,POR,0.0,4.0,0.0,1871.0,5.3,,POR,MIN,POR,MIN,0.0,0.0,,0.0,,,,,3.0,3.0,1.0,0.454,0.546,,,,,,1610612750.0
1642905,Yang Hansen,1610612757,POR,20.0,7.233333333333333,1,3,0.333,0,0,0.0,0,0,0.0,0,1,1,0,1,0,2,0,0,0,2,-3,25.0,137.5,111.8,25.0,0.091,0.167,147.8,0.0,17,-41.6,0.212,91.24,106.3,108.7,0.022,0.333,109.49,0.0,0.333,0.0,-25.7,0.0,0.222,0.0,0.0,0.0,0.0,0.0,7.0,0.0,8.0,0.0,1.0,0.0,0.0,0.0,0.0,0.0,0.0,0.0,0.0,0.0,0.0,0.0,0.0,0.0,1.0,0.0,0.0,0.0,0.4,1.0,7.0,0.0,11.0,0.0,0.91,2.0,2.3,0.182,0.0,0.0,0.5,0.0,0.0,0.0,0.0,0.0,0.0,0.0,1.0,0.0,0.5,0.0,0.0,0.5,0.5,2.0,2.0,1.0,0.0,4.8,0.0,4.8,0.0,,,,,,,,,,,,,,,,,,,,,,,,,,,0.5,2.0,0.5,0.667,0.667,0.5,0.0,,0.0,0.0,1.0,1.0,2.0,1.0,,0.0,0.0,0.333,0.0,0.0,0.0,0.0,0.0,0.333,1.0,0.0,,,,,,,,,1.0,0.0,0.333,2.0,0.0,0.0,0.0,0.0,0.0,0.0,0.0,1.0,0.0,,,,1.0,0.0,1.0,0.0,0.0,,0.0,0.0,0.0,,0.0,2.0,0.0,0.0,0.0,,0.0,0.5,1.0,0.222,-0.041,0.541,2.0,0.0,,0.0,,0.0,0.0,1.0,0.0,0.0,0.0,,,1.0,,1.0,0.0,0.0,0.0,0.0,0.0,1.0,0.0,1.0,0.0,,0.0,0.0,0.0,,,,0,1,0.038,,,0.462,,3.0,0.391,1.0,0.333,0.667,0.484,3.0,2.0,2.0,1.0,0.526,0.5,3.0,0.333,1.0,0.398,0.0,0.0,0.0,0.0,0.0,0.0,6.0,0.0,5.0,1.0,0.0,0.0,0.0,0.0,0.0,0.0,0.0,0.0,0.0,1.0,0.0,0.0,0.0,0.0,0.0,0.0,0.0,0.0,0.0,0.0,0.0,0.0,0.0,0.0,0.0,3.76,0.2,3.23,4.34,0.2,0.5,2026,,22500097,,20251024,2025-26,False,GSW,ang Hansen,1.0,1.0,0.0,1.0,8.2,0.0,0.0,7.0,1.0,1.0,1.0,1.0,235.0,190.0,198.0,178.0,156.0,221.0,156.0,138.0,149.0,138.0,151.0,179.0,206.0,200.0,112.0,148.0,7.0,1.0,1.0,186.0,215.0,157.0,212.0,16.0,1.0,216.0,1.0,110.0,1.0,198.0,236.0,190.0,200.0,80.0,111.8,-25.7,220.0,220.0,236.0,223.0,244.0,200.0,154.0,244.0,122.0,109.49,248.0,260.0,104.0,137.5,91.0,199.0,75.0,145.0,122.0,218.0,151.0,75.0,3.0,65.0,65.0,2.0,,,C,POR,0.5,-0.058,0.5,0.183,0.5,1.0,-0.041,0.333,2.0,0.541,-0.026,0.333,0.5,-0.065,POR,0.0,POR,0.0,11.0,0.0,2613.0,7.2,,POR,GSW,POR,GSW,0.0,1.0,0.0,0.0,,,,0.0,3.0,6.0,0.5,0.488,0.012,1.0,2.0,0.5,0.575,-0.075,1610612744.0
1642905,Yang Hansen,1610612757,POR,20.0,8.6,0,3,0.0,0,2,0.0,1,2,0.5,1,0,1,0,1,0,0,0,0,1,1,-1,20.5,105.3,105.6,20.0,0.053,0.0,112.6,0.091,18,-0.1,0.223,86.05,112.6,96.67,-0.096,0.0,103.26,0.0,0.129,0.0,0.3,0.0,0.217,0.0,0.0,0.0,0.0,0.0,2.0,0.0,6.0,0.0,1.0,0.0,0.0,0.0,0.0,0.0,0.0,0.0,0.0,0.0,0.0,0.0,0.0,0.0,1.0,0.0,0.0,0.0,0.3,0.0,6.0,1.0,7.0,0.0,1.29,1.0,2.98,0.143,1.0,0.0,0.0,0.0,1.0,1.0,3.6,0.333,0.0,0.5,0.0,2.0,0.25,0.0,0.0,0.0,0.5,1.0,4.0,1.0,0.0,0.0,3.0,3.6,1.0,,,,,,,,,,,,,,0.0,0.333,1.0,0.0,,0.0,0.0,1.0,0.0,0.333,0.0,0.0,0.0,,,,,,,,,,,,,,2.0,0.0,0.0,0.0,0.667,,0.0,2.0,0.0,0.667,0.0,0.0,0.0,,,,,,,,,0.0,0.0,0.0,0.0,0.0,0.0,1.0,0.0,0.0,0.0,0.0,0.0,0.0,0.0,0.0,0.0,1.0,0.0,0.0,2.0,0.0,0.0,0.0,0.0,0.0,0.0,0.0,0.0,0.0,0.0,0.0,0.0,0.0,0.25,1.0,0.222,-0.363,0.613,4.0,0.0,0.0,0.0,0.0,,0.0,0.0,0.0,0.0,0.0,0.0,0.0,0.0,0.0,0.0,2.0,,0.0,0.0,0.0,1.0,0.0,0.0,,0.0,0.0,0.0,0.0,2.0,0.0,0.0,0,2,-0.004,,,0.629,,1.0,0.453,0.0,0.0,0.714,0.66,7.0,5.0,2.0,0.0,0.54,0.0,2.0,0.5,1.0,0.551,0.0,0.0,0.0,0.0,0.0,0.0,7.0,0.0,6.0,0.0,1.0,0.0,0.0,0.0,0.0,0.0,0.0,0.0,2.0,1.0,0.0,1.0,0.0,1.0,2.0,0.0,0.0,0.0,0.0,0.0,0.0,0.0,1.0,1.0,0.5,4.02,0.3,4.52,3.54,0.3,0.5,2026,,22500122,,20251027,2025-26,False,LAL,ang Hansen,1.0,1.0,0.0,1.0,1.2,0.0,0.0,2.0,1.0,1.0,1.0,1.0,205.0,218.0,184.0,218.0,142.0,134.0,142.0,111.0,88.0,108.0,64.0,205.0,181.0,185.0,92.0,119.0,70.0,1.0,1.0,120.0,221.0,133.0,230.0,23.0,2.0,226.0,1.0,106.0,0.0,184.0,224.0,218.0,185.0,210.0,105.6,0.3,118.0,118.0,233.0,245.0,85.0,185.0,137.0,85.0,161.0,103.26,122.0,133.0,151.0,105.3,80.0,218.0,77.0,126.0,161.0,218.0,44.0,205.0,3.0,110.0,110.0,1.0,,,C,POR,0.125,-0.453,0.875,0.054,0.0,0.0,-0.778,0.125,1.0,0.778,-0.54,0.25,0.25,-0.051,POR,0.0,POR,1.0,7.0,1.0,2825.0,8.6,,LAL,POR,POR,LAL,0.0,0.0,,0.0,0.0,0.0,,,5.0,8.0,0.625,0.589,0.036,0.0,1.0,0.0,0.756,-0.756,1610612747.0
1642905,Yang Hansen,1610612757,POR,20.0,3.783333333333333,1,1,1.0,0,0,0.0,0,0,0.0,0,0,0,0,1,0,0,0,2,0,2,-4,50.0,172.7,150.0,50.0,0.0,0.0,180.6,0.0,10,-33.5,0.196,111.01,147.1,131.44,-0.029,1.0,133.22,0.0,1.0,0.0,-22.7,0.0,0.182,0.0,0.0,0.0,0.0,0.0,6.0,0.0,6.0,0.0,0.0,0.0,0.0,0.0,0.0,0.0,0.0,0.0,0.0,0.0,0.0,0.0,0.0,0.0,0.0,0.0,0.0,0.0,0.3,2.0,5.0,0.0,8.0,0.0,1.0,1.0,2.14,0.25,0.0,,,,,,,,,,,,,,,,,,,,,,,,,1.0,1.0,1.0,,0.0,1.0,0.0,1.0,1.0,1.0,1.0,1.0,0.0,,,,,,,,,,,,,,,,,,,,,,,,,,,,,,,,,,,,,,,,,,,,,,,,1.0,0.0,1.0,2.0,0.0,0.0,0.0,0.0,0.0,0.0,0.0,1.0,0.0,,0.0,,1.0,0.0,1.0,0.0,0.0,0.0,0.0,0.0,0.0,0.0,0.0,0.0,0.0,0.0,0.0,,0.0,0.25,1.0,0.182,-0.363,0.613,4.0,0.0,0.0,0.0,0.0,,0.0,1.0,0.0,0.0,0.0,0.0,0.0,0.0,0.0,0.0,0.0,,0.0,0.0,0.0,1.0,0.0,1.0,,0.0,0.0,0.0,,,,,0,0,0.241,,,0.509,,2.0,0.282,1.0,0.5,1.0,0.622,2.0,2.0,1.0,1.0,0.714,1.0,3.0,0.667,2.0,0.318,,,,,,,,,,,,,,,,,,,,,,0.0,0.0,0.0,0.0,0.0,0.0,0.0,0.0,0.0,0.0,0.0,0.0,0.0,0.0,7.3,0.1,3.09,5.02,0.2,0.3,2026,,22500135,,20251029,2025-26,False,UTA,ang Hansen,1.0,1.0,0.0,1.0,1.0,0.0,0.0,2.0,1.0,1.0,1.0,1.0,208.0,163.0,198.0,1.0,134.0,175.0,134.0,124.0,133.0,124.0,119.0,182.0,197.0,178.0,81.0,108.0,72.0,1.0,96.0,163.0,185.0,148.0,207.0,23.0,2.0,202.0,1.0,110.0,1.0,198.0,213.0,163.0,178.0,1.0,150.0,-22.7,168.0,168.0,213.0,201.0,220.0,178.0,129.0,220.0,4.0,133.22,188.0,218.0,197.0,172.7,93.0,5.0,101.0,6.0,4.0,7.0,119.0,182.0,1.0,2.0,2.0,2.0,1.0,POR,C,POR,0.5,0.219,0.5,0.378,,,,,,,0.286,0.25,0.75,0.349,,0.0,POR,0.0,8.0,0.0,1533.0,3.8,,UTA,POR,POR,UTA,0.0,0.0,,0.0,,,,,3.0,4.0,0.75,0.527,0.223,,,,,,1610612762.0
1642905,Yang Hansen,1610612757,POR,20.0,2.566666666666667,0,0,0.0,0,0,0.0,0,0,0.0,0,0,0,0,0,0,0,0,1,0,0,-6,0.0,180.0,50.0,0.0,0.0,0.0,173.1,0.0,6,-113.1,0.0,85.71,60.0,95.38,-0.118,0.0,102.86,0.0,0.0,0.0,-130.0,0.0,0.0,0.0,0.0,0.0,0.0,0.0,1.0,0.0,2.0,0.0,0.0,0.0,0.0,0.0,0.0,0.0,0.0,0.0,0.0,0.0,0.0,0.0,0.0,0.0,0.0,0.0,0.0,0.0,0.0,0.0,1.0,0.0,2.0,0.0,0.0,1.0,0.7,0.0,0.0,,,,,,,,,,,,,,,,,,,,,,,,,,,,,,,,,,,,,,,,,,,,,,,,,,,,,,,,,,,,,,,,,,,,,,,,,,,,,,,,,,,,,0.0,0.0,0.0,0.0,0.0,0.0,0.0,0.0,0.0,,0.0,0.0,,,,,0.0,0.0,0.0,0.0,0.0,,0.0,0.0,,,,0.0,,0.0,0.0,,,0.5,6.0,0.235,-0.11,0.61,12.0,0.0,,0.0,,,0.0,0.0,0.0,0.0,0.0,,,0.0,,0.0,0.0,,0.0,0.0,0.0,0.0,0.0,0.0,,,0.0,0.0,,,,,0,0,-0.435,,,0.435,,,,,,0.0,0.538,1.0,0.0,,,,,1.0,0.0,0.0,0.385,0.0,0.0,0.0,0.0,0.0,0.0,1.0,0.0,1.0,0.0,0.0,0.0,0.0,0.0,0.0,0.0,0.0,0.0,0.0,0.0,0.0,0.0,0.0,0.0,0.0,0.0,0.0,0.0,0.0,0.0,0.0,0.0,0.0,0.0,0.0,3.98,0.1,5.14,4.48,0.1,0.2,2026,,22500288,,20251124,2025-26,False,MIL,ang Hansen,1.0,1.0,0.0,1.0,0.0,0.0,0.0,0.0,1.0,1.0,1.0,1.0,207.0,179.0,199.0,179.0,121.0,169.0,121.0,108.0,117.0,108.0,122.0,188.0,193.0,157.0,139.0,113.0,62.0,1.0,39.0,148.0,183.0,156.0,210.0,17.0,2.0,210.0,1.0,99.0,0.0,199.0,1.0,179.0,157.0,182.0,50.0,-130.0,216.0,216.0,1.0,210.0,216.0,157.0,117.0,216.0,210.0,102.86,215.0,216.0,193.0,180.0,209.0,179.0,209.0,209.0,210.0,183.0,122.0,188.0,0.0,91.0,91.0,0.0,,,C,POR,,,1.0,-0.538,,,,,,,,,1.0,-0.385,POR,0.0,POR,0.0,2.0,0.0,942.0,2.6,,MIL,POR,POR,MIL,0.0,0.0,,0.0,,,,,0.0,1.0,0.0,0.487,-0.487,,,,,,1610612749.0
1642905,Yang Hansen,1610612757,POR,20.0,7.94,1,4,0.25,0,1,0.0,0,0,0.0,1,1,2,1,1,0,0,1,1,0,2,-5,16.7,94.1,64.7,16.7,0.077,0.083,91.7,0.071,17,-32.7,0.212,85.64,59.0,109.06,-0.03,0.25,102.77,0.333,0.25,16.7,-29.4,1.0,0.2,0.25,0.25,0.0,3.0,1.0,4.0,1.0,6.0,0.0,1.0,0.0,0.0,0.0,0.0,0.0,0.0,0.0,0.0,0.0,0.0,0.0,0.0,0.0,1.0,0.0,0.0,0.0,0.4,0.0,7.0,1.0,9.0,1.0,1.33,2.0,2.53,0.222,2.0,1.0,0.333,1.0,0.0,0.0,8.0,0.25,1.0,0.25,0.0,2.0,0.286,2.0,1.0,1.0,0.4,3.0,7.0,0.0,1.0,0.6,4.0,4.3,2.0,,,,,,,,,,,,,,0.0,0.75,3.0,0.0,,1.0,0.333,3.0,1.0,0.75,0.333,0.0,0.333,,,,,,,,,,,,,,1.0,0.0,0.0,0.0,0.25,,0.0,1.0,0.0,0.25,0.0,0.0,0.0,,,,,,,,,0.0,0.0,0.25,0.0,1.0,0.0,2.0,0.0,0.0,1.0,0.0,1.0,0.0,0.0,,0.0,2.0,0.0,0.5,0.0,0.0,,0.0,1.0,0.0,,0.0,0.0,0.0,0.0,0.0,0.0,1.0,0.545,6.0,0.262,-0.051,0.596,11.0,1.0,0.0,0.0,0.0,0.0,0.0,0.5,0.0,0.0,0.0,,,0.0,,0.0,0.0,0.0,0.0,0.0,0.0,2.0,0.0,1.0,0.0,0.0,1.0,0.0,0.0,1.0,0.0,0.0,0,1,-0.025,,,0.454,,6.0,0.35,2.0,0.333,1.0,0.364,1.0,1.0,1.0,1.0,0.325,1.0,6.0,0.333,2.0,0.355,0.0,0.0,0.0,0.0,0.0,0.0,5.0,0.0,0.0,0.0,0.0,0.0,0.0,0.0,0.0,0.0,0.0,0.0,0.0,5.0,0.0,1.0,1.0,0.0,0.0,1.0,0.0,0.0,1.0,0.5,0.0,0.0,0.0,0.0,0.0,4.72,0.3,4.86,4.0,0.3,0.5,2026,,22500263,,20251119,2025-26,False,CHI,ang Hansen,1.0,0.0,1.0,0.0,4.9,0.0,0.0,5.0,1.0,92.0,92.0,92.0,167.0,136.0,142.0,140.0,106.0,133.0,106.0,106.0,112.0,106.0,60.0,126.0,120.0,109.0,69.0,99.0,68.0,116.0,24.0,136.0,150.0,127.0,163.0,12.0,3.0,162.0,1.0,108.0,1.0,142.0,145.0,136.0,80.0,37.0,64.7,-29.4,166.0,166.0,145.0,165.0,31.0,13.0,64.0,31.0,176.0,102.77,166.0,24.0,80.0,94.1,69.0,149.0,73.0,177.0,176.0,156.0,48.0,107.0,4.0,101.0,101.0,2.0,,,C,POR,0.857,-0.017,0.143,0.636,1.0,1.0,0.643,0.143,1.0,0.357,0.675,0.143,0.857,-0.022,POR,1.0,POR,2.0,9.0,2.0,2854.0,7.9,,POR,CHI,POR,CHI,0.0,0.0,,0.0,0.0,0.0,,,3.0,7.0,0.429,0.449,-0.021,1.0,1.0,1.0,0.426,0.574,1610612741.0
1642905,Yang Hansen,1610612757,POR,20.0,4.333333333333333,0,1,0.0,0,1,0.0,2,2,1.0,1,0,1,0,0,0,0,0,1,3,2,-2,0.0,122.2,90.0,0.0,0.111,0.0,122.2,0.2,10,-20.9,0.19,87.69,101.4,99.03,0.037,0.0,105.23,0.0,0.532,0.0,-32.2,0.0,0.182,0.0,0.0,0.0,0.0,0.0,1.0,0.0,2.0,0.0,0.0,0.0,0.0,0.0,0.0,0.0,0.0,0.0,0.0,0.0,0.0,0.0,0.0,0.0,0.0,0.0,0.0,2.0,0.1,1.0,3.0,0.0,4.0,1.0,0.25,2.0,1.07,0.5,0.0,0.0,0.0,1.0,0.0,0.0,7.0,1.0,0.0,1.0,0.0,0.0,0.333,1.0,1.0,0.0,0.333,2.0,3.0,0.0,1.0,0.0,1.0,7.0,0.0,,,,,,,,,,,,,,,,,,,,,,,,,,,,,,,,,,,,,,,,1.0,0.0,0.0,0.0,1.0,,0.0,1.0,0.0,1.0,0.0,0.0,0.0,,,,,,,,,0.0,2.0,0.0,2.0,0.0,0.0,0.0,0.0,0.0,,0.0,0.0,,,0.0,,0.0,0.0,0.0,1.0,0.0,0.0,0.0,0.0,,0.0,,0.0,,0.0,0.0,,,0.333,1.0,0.3,-0.224,0.557,3.0,,0.0,0.0,0.0,,0.0,0.0,,0.0,0.0,0.0,0.0,0.0,0.0,0.0,1.0,,0.0,0.0,0.0,0.0,,0.0,,0.0,0.0,0.0,0.0,1.0,0.0,0.0,0,1,-0.435,,,0.435,,,,,,0.0,0.52,1.0,0.0,1.0,0.0,0.538,0.0,,,,,1.0,0.0,1.0,0.0,0.0,1.0,0.0,0.0,0.0,2.0,1.0,0.0,0.0,0.0,1.0,1.0,1.0,0.0,2.0,0.0,0.0,0.0,0.0,0.0,0.0,0.0,0.0,0.0,0.0,0.0,0.0,0.0,0.0,0.0,0.0,3.55,0.1,2.58,4.48,0.1,0.3,2026,,22500112,,20251026,2025-26,False,LAC,ang Hansen,1.0,0.0,1.0,0.0,3.2,0.0,0.0,3.0,1.0,96.0,96.0,96.0,182.0,159.0,167.0,159.0,113.0,127.0,113.0,63.0,75.0,1.0,53.0,160.0,143.0,142.0,134.0,106.0,45.0,1.0,26.0,43.0,155.0,108.0,172.0,21.0,2.0,170.0,1.0,102.0,0.0,167.0,1.0,159.0,142.0,173.0,90.0,-32.2,170.0,170.0,1.0,137.0,141.0,142.0,107.0,141.0,178.0,105.23,153.0,148.0,50.0,122.2,78.0,159.0,77.0,142.0,178.0,104.0,7.0,160.0,1.0,90.0,90.0,2.0,,,C,POR,,,1.0,-0.52,0.0,0.0,-0.59,1.0,1.0,0.59,-0.538,1.0,,,POR,0.0,POR,0.0,4.0,0.0,1495.0,4.3,,LAC,POR,POR,LAC,0.0,0.0,,0.0,0.0,0.0,,,0.0,1.0,0.0,0.429,-0.429,0.0,1.0,0.0,0.576,-0.576,1610612746.0
1642905,Yang Hansen,1610612757,POR,20.0,4.483333333333333,0,3,0.0,0,2,0.0,0,0,0.0,0,1,1,0,0,0,0,0,1,1,0,3,0.0,100.0,120.0,0.0,0.143,0.5,101.4,0.0,10,18.6,0.3,84.76,120.0,101.07,-0.136,0.0,101.71,0.0,0.0,0.0,20.0,0.0,0.3,0.0,0.0,0.0,0.0,0.0,3.0,0.0,5.0,0.0,0.0,0.0,0.0,0.0,0.0,0.0,0.0,0.0,0.0,0.0,0.0,0.0,0.0,0.0,0.0,0.0,0.0,0.0,0.3,0.0,4.0,0.0,7.0,0.0,1.0,1.0,2.4,0.0,2.0,0.0,1.0,0.0,0.0,0.0,0.0,0.0,0.0,0.0,1.0,0.0,1.0,0.0,0.0,1.0,1.0,1.0,1.0,1.0,0.0,7.6,0.0,7.6,0.0,,,,,,,,,,,,,,0.0,0.333,1.0,0.0,,0.0,0.0,1.0,0.0,0.333,0.0,0.0,0.0,,2.0,0.0,0.0,0.667,0.0,0.667,0.0,0.0,2.0,0.0,0.0,0.0,,,,,,,,,,,,,,,,,,,,,,0.0,0.0,0.0,0.0,0.0,0.0,0.0,0.0,0.0,1.0,0.0,0.0,,0.0,,1.0,1.0,0.0,0.0,1.0,0.0,,0.0,0.0,0.0,,0.0,0.0,,0.0,0.0,0.0,,0.5,7.0,0.25,-0.128,0.628,14.0,1.0,,,,,0.0,0.0,0.0,0.0,0.0,,,,,0.0,1.0,,0.0,,0.0,1.0,0.0,0.0,,,0.0,0.0,0.0,1.0,0.0,0.0,0,1,0.112,,,0.555,,,,,,0.667,0.652,3.0,2.0,2.0,1.0,0.7,0.5,1.0,1.0,1.0,0.41,0.0,0.0,0.0,0.0,0.0,0.0,1.0,0.0,1.0,0.0,3.0,0.0,0.0,0.0,0.0,0.0,0.0,0.0,7.0,0.0,0.0,0.0,0.0,0.0,0.0,1.0,0.0,0.0,0.0,0.0,0.0,0.0,0.0,0.0,0.0,5.02,0.1,3.45,4.35,0.2,0.3,2026,,22500305,,20251130,2025-26,False,OKC,ang Hansen,1.0,0.0,1.0,0.0,1.2,0.0,0.0,1.0,1.0,88.0,88.0,88.0,160.0,146.0,136.0,146.0,96.0,97.0,96.0,84.0,94.0,84.0,98.0,108.0,130.0,126.0,109.0,91.0,50.0,1.0,32.0,75.0,152.0,59.0,163.0,15.0,3.0,163.0,1.0,108.0,0.0,136.0,1.0,146.0,126.0,86.0,120.0,20.0,44.0,44.0,1.0,170.0,42.0,126.0,91.0,42.0,61.0,101.71,43.0,47.0,29.0,100.0,11.0,146.0,11.0,60.0,61.0,152.0,98.0,1.0,3.0,81.0,81.0,0.0,,,C,POR,,,1.0,0.015,1.0,1.0,0.225,0.333,1.0,0.775,-0.2,0.667,0.333,0.59,POR,0.0,POR,2.0,7.0,0.0,1506.0,4.5,,POR,OKC,POR,OKC,0.0,0.0,,0.0,0.0,0.0,,,2.0,3.0,0.667,0.558,0.109,1.0,1.0,1.0,0.758,0.242,1610612760.0
1642905,Yang Hansen,1610612757,POR,20.0,17.6,3,11,0.273,1,6,0.167,1,1,1.0,0,4,4,3,0,0,1,1,1,1,8,-6,0.0,118.9,102.7,0.0,0.108,0.267,121.5,0.0,37,-26.0,0.268,84.09,95.6,103.58,0.076,0.318,100.91,0.273,0.35,21.4,-16.2,0.0,0.256,0.188,0.188,0.0,9.0,1.0,16.0,3.0,20.0,0.0,0.0,0.0,0.0,0.0,0.0,0.0,0.0,0.0,0.0,0.0,0.0,0.0,0.0,0.0,0.0,0.0,0.0,1.5,1.1,2.0,19.0,0.75,27.0,2.0,0.74,1.0,2.48,0.296,4.0,0.25,0.571,0.0,0.0,0.0,0.0,0.0,1.0,0.0,3.0,1.0,0.444,1.0,0.0,0.667,0.5,7.0,9.0,3.0,0.25,5.4,2.0,5.4,1.0,,,,,,,,,,,,,,0.091,0.545,6.0,1.0,0.0,2.0,0.333,5.0,2.0,0.455,0.333,0.0,0.4,,2.0,0.0,0.0,0.182,0.0,0.182,0.0,0.0,2.0,0.0,0.0,0.0,3.0,0.333,1.0,1.0,0.273,,0.5,3.0,0.0,0.273,0.0,0.0,0.333,,,,,,,,,1.0,3.0,0.318,2.0,0.5,0.5,3.0,3.0,0.25,1.0,0.2,2.0,0.0,0.0,0.0,0.0,2.0,0.0,1.0,5.0,0.0,0.0,0.0,3.0,0.0,0.0,0.0,0.0,0.0,0.0,1.0,0.0,1.0,0.5,6.0,0.24,-0.11,0.61,12.0,3.0,,0.0,,,0.0,0.667,0.0,1.0,0.0,0.0,0.0,0.0,1.0,0.0,2.0,,0.0,0.0,0.0,3.0,0.0,2.0,,,2.0,0.5,0.375,4.0,1.0,0.25,1,4,-0.013,,,0.513,,5.0,0.308,4.0,0.8,0.0,0.638,3.0,0.0,2.0,0.0,0.736,0.0,6.0,0.667,4.0,0.311,0.0,0.0,0.0,0.0,0.0,0.0,6.0,0.0,4.0,2.0,2.0,0.0,0.0,0.0,0.0,0.0,0.0,0.0,6.0,2.0,0.0,0.75,1.0,0.0,0.0,2.0,1.0,2.0,0.0,0.0,0.25,0.5,0.0,0.0,0.0,4.52,0.6,4.05,3.91,0.6,1.1,2026,,22500280,,20251123,2025-26,False,OKC,ang Hansen,1.0,0.0,1.0,0.0,20.3,0.0,0.0,18.0,1.0,85.0,85.0,85.0,116.0,73.0,46.0,139.0,58.0,29.0,100.0,70.0,88.0,1.0,95.0,48.0,61.0,47.0,113.0,81.0,21.0,111.0,29.0,85.0,83.0,126.0,79.0,15.0,1.0,87.0,1.0,97.0,3.0,46.0,1.0,73.0,65.0,52.0,102.7,-16.2,130.0,130.0,1.0,98.0,101.0,27.0,100.0,101.0,130.0,100.91,143.0,117.0,52.0,118.9,31.0,137.0,34.0,142.0,130.0,144.0,95.0,16.0,11.0,65.0,65.0,8.0,,,C,POR,0.625,0.492,0.375,-0.638,0.0,0.0,-0.763,0.125,1.0,0.763,-0.736,0.25,0.75,0.356,POR,0.5,POR,4.0,27.0,3.0,5984.0,17.6,,OKC,POR,POR,OKC,0.0,2.0,0.0,0.0,0.0,2.0,0.0,0.0,4.0,8.0,0.5,0.509,-0.009,0.0,1.0,0.0,0.705,-0.705,1610612760.0
1642905,Yang Hansen,1610612757,POR,20.0,13.133333333333333,4,7,0.571,0,2,0.0,1,1,1.0,1,4,5,3,3,0,1,1,0,3,9,2,22.3,100.0,103.1,23.1,0.167,0.222,102.6,0.083,32,-1.9,0.309,95.94,100.7,115.05,0.198,0.571,115.13,0.3,0.605,23.1,3.1,1.0,0.294,0.273,0.273,0.0,8.0,3.0,11.0,3.0,14.0,0.0,0.0,0.0,0.0,0.0,0.0,0.0,0.0,0.0,0.0,0.0,0.0,0.0,0.0,0.0,0.0,0.0,0.0,2.0,1.1,1.75,14.0,1.0,24.0,1.0,1.25,4.0,2.83,0.375,2.0,0.25,0.667,0.0,1.0,0.0,4.2,0.333,1.0,0.333,3.0,0.0,0.556,1.0,0.0,0.667,0.556,6.0,9.0,4.0,0.2,4.6,3.0,4.5,0.0,,,,,,,,,,,,,,0.0,0.429,3.0,0.0,,2.0,0.667,3.0,2.0,0.429,0.667,0.0,0.667,1.0,2.0,1.0,0.286,0.286,1.0,0.0,,0.0,0.0,2.0,2.0,2.0,2.0,0.0,0.0,0.0,0.286,,0.0,2.0,0.0,0.286,0.0,0.0,0.0,,,,,,,,,0.75,2.0,0.571,7.0,1.0,1.0,2.0,0.0,0.0,0.0,0.0,4.0,0.0,0.0,0.0,0.0,5.0,0.0,0.8,2.0,0.0,0.0,0.0,0.0,0.0,0.0,0.0,0.0,0.0,0.0,0.0,0.0,0.0,0.5,5.0,0.286,-0.12,0.62,10.0,0.0,0.0,0.0,0.0,,0.0,0.8,0.0,0.0,0.0,0.0,0.0,0.0,0.0,0.0,2.0,,0.0,0.0,0.0,5.0,0.0,4.0,,0.0,0.0,0.0,0.0,2.0,0.0,0.0,0,2,-0.027,,,0.488,,4.0,0.471,2.0,0.5,0.444,0.551,9.0,4.0,6.0,4.0,0.591,0.667,4.0,0.5,2.0,0.448,1.0,0.0,1.0,1.0,0.0,0.0,7.0,1.0,6.0,0.0,3.0,1.0,0.0,0.0,0.0,0.0,1.0,0.0,6.0,1.0,1.0,1.0,1.0,0.0,0.0,1.0,0.0,0.0,0.0,0.0,0.0,0.0,0.0,0.0,0.0,3.8,0.4,3.97,4.37,0.4,0.9,2026,,22500254,,20251118,2025-26,False,PHX,ang Hansen,1.0,0.0,1.0,0.0,19.5,0.0,0.0,19.0,1.0,69.0,69.0,69.0,103.0,46.0,60.0,37.0,74.0,72.0,74.0,47.0,61.0,1.0,35.0,32.0,35.0,31.0,13.0,76.0,9.0,100.0,1.0,23.0,59.0,55.0,66.0,10.0,1.0,65.0,1.0,105.0,4.0,60.0,119.0,46.0,41.0,6.0,103.1,3.1,59.0,59.0,117.0,8.0,28.0,19.0,46.0,28.0,98.0,115.13,68.0,32.0,15.0,100.0,10.0,60.0,10.0,102.0,98.0,61.0,28.0,15.0,7.0,10.0,10.0,9.0,,,C,POR,0.308,0.029,0.692,-0.107,0.667,4.0,0.042,0.462,6.0,0.625,0.076,0.462,0.308,0.053,POR,1.0,POR,2.0,24.0,2.0,4584.0,13.1,,POR,PHX,POR,PHX,0.0,0.0,,0.0,0.0,0.0,,,6.0,13.0,0.462,0.47,-0.008,4.0,6.0,0.667,0.591,0.076,1610612756.0
1642905,Yang Hansen,1610612757,POR,20.0,5.24,0,0,0.0,0,0,0.0,2,2,1.0,0,1,1,1,0,0,1,0,0,1,2,5,0.0,75.0,116.7,0.0,0.063,0.143,81.8,0.0,12,24.2,0.062,91.6,106.1,110.84,0.214,0.0,109.92,0.25,1.136,50.0,41.7,0.0,0.071,0.25,0.25,0.0,3.0,2.0,4.0,1.0,2.0,0.0,0.0,0.0,0.0,0.0,0.0,0.0,0.0,0.0,0.0,0.0,0.0,0.0,0.0,0.0,0.0,0.0,0.0,0.0,0.2,0.0,1.0,0.0,4.0,0.0,2.0,0.0,2.58,0.5,0.0,1.0,0.333,0.0,0.0,0.0,0.0,0.0,1.0,0.0,0.0,1.0,0.25,1.0,0.0,0.5,0.333,3.0,4.0,0.0,1.0,3.0,1.0,3.0,1.0,,,,,,,,,,,,,,,,,,,,,,,,,,,,,,,,,,,,,,,,,,,,,,,,,,,,,,,,,,,,,0.0,0.0,0.0,0.0,0.0,0.0,0.0,0.0,0.0,0.0,0.0,0.0,0.0,0.0,0.0,0.0,0.0,0.0,0.0,0.0,0.0,0.0,0.0,0.0,0.0,0.0,0.0,0.0,0.0,0.0,0.0,0.0,0.0,0.467,7.0,0.254,-0.171,0.637,15.0,0.0,0.0,0.0,0.0,,0.0,0.0,0.0,0.0,0.0,0.0,0.0,0.0,0.0,0.0,0.0,,0.0,0.0,0.0,0.0,0.0,0.0,,0.0,0.0,0.0,,,,,0,0,-0.139,,,0.472,,1.0,0.227,0.0,0.0,0.5,0.655,2.0,1.0,1.0,0.0,0.75,0.0,1.0,0.0,0.0,0.208,1.0,0.0,1.0,1.0,0.0,0.0,1.0,0.0,1.0,1.0,1.0,0.0,0.0,0.0,0.0,0.0,1.0,0.0,3.0,0.0,1.0,0.0,0.0,0.0,0.0,0.0,0.0,0.0,0.0,0.0,0.0,0.0,0.0,0.0,0.0,5.1,0.2,4.42,4.74,0.2,0.4,2026,,22500324,,20251203,2025-26,False,CLE,ang Hansen,1.0,1.0,0.0,1.0,7.7,0.0,0.0,6.0,1.0,1.0,1.0,1.0,176.0,166.0,185.0,166.0,108.0,151.0,108.0,53.0,57.0,1.0,109.0,136.0,147.0,95.0,121.0,100.0,23.0,1.0,1.0,83.0,156.0,57.0,159.0,14.0,2.0,160.0,1.0,101.0,0.0,185.0,1.0,166.0,4.0,9.0,116.7,41.7,9.0,9.0,1.0,18.0,17.0,38.0,97.0,17.0,65.0,109.92,40.0,22.0,127.0,75.0,180.0,166.0,177.0,107.0,65.0,3.0,109.0,81.0,0.0,17.0,17.0,2.0,,,C,POR,0.333,-0.227,0.667,-0.155,0.0,0.0,-0.778,0.333,1.0,0.778,-0.75,0.333,0.333,-0.208,POR,0.0,POR,0.0,4.0,0.0,2126.0,5.2,,CLE,POR,POR,CLE,0.0,0.0,,0.0,,,,,1.0,3.0,0.333,0.485,-0.152,0.0,1.0,0.0,0.676,-0.676,1610612739.0
1642905,Yang Hansen,1610612757,POR,20.0,19.216666666666665,2,5,0.4,0,2,0.0,0,0,0.0,1,4,5,2,2,0,0,0,5,4,4,2,22.2,95.2,102.4,22.2,0.111,0.174,85.0,0.045,41,12.5,0.143,86.38,97.5,112.6,0.009,0.4,103.66,0.154,0.4,22.2,7.2,1.0,0.143,0.105,0.105,0.0,5.0,3.0,19.0,2.0,19.0,0.0,0.0,0.0,0.0,0.0,0.0,0.0,0.0,0.0,0.0,0.0,0.0,0.0,0.0,0.0,0.0,0.0,0.0,0.0,0.9,0.4,18.0,0.0,27.0,1.0,0.44,5.0,2.0,0.148,1.0,0.25,0.308,0.0,1.0,0.0,7.8,0.25,1.0,0.25,3.0,3.0,0.294,1.0,0.0,0.4,0.357,13.0,17.0,4.0,0.2,4.6,4.0,5.2,3.0,,,,,,,,,,,,,,0.0,0.6,3.0,0.0,,2.0,0.667,3.0,2.0,0.6,0.667,0.0,0.667,,,,,,,,,,,,,,2.0,0.0,0.0,0.0,0.4,,0.0,2.0,0.0,0.4,0.0,0.0,0.0,,,,,,,,,0.5,0.0,0.4,2.0,0.0,0.0,0.0,0.0,0.0,0.0,0.0,1.0,0.0,0.0,0.0,0.0,1.0,0.0,1.0,2.0,1.0,0.0,0.0,2.0,0.0,0.0,0.0,0.0,0.0,0.5,0.0,0.0,0.0,0.474,9.0,0.257,-0.166,0.64,19.0,0.0,0.0,0.0,0.0,,0.0,1.0,0.0,0.0,0.0,0.0,0.0,0.0,0.0,0.0,2.0,,0.0,0.0,0.0,2.0,0.0,2.0,,0.0,1.0,0.0,0.0,2.0,0.0,0.0,0,2,-0.139,,,0.539,,4.0,0.316,0.0,0.0,0.545,0.577,11.0,6.0,8.0,4.0,0.628,0.5,5.0,0.2,1.0,0.352,2.0,0.0,1.0,1.0,0.0,1.0,10.0,0.0,9.0,2.0,4.0,0.0,0.0,0.0,1.0,1.0,2.0,0.0,9.0,1.0,2.0,0.0,0.0,0.0,0.0,0.0,0.0,0.0,1.0,1.0,0.0,0.0,0.0,0.0,0.0,4.24,0.6,3.5,3.83,0.6,1.2,2026,,22500360,,20251207,2025-26,False,MEM,ang Hansen,1.0,0.0,1.0,0.0,11.0,0.0,0.0,11.0,1.0,76.0,76.0,76.0,101.0,89.0,97.0,84.0,91.0,91.0,91.0,76.0,80.0,76.0,43.0,39.0,48.0,55.0,29.0,74.0,46.0,1.0,145.0,18.0,107.0,62.0,109.0,11.0,2.0,111.0,1.0,105.0,2.0,97.0,138.0,89.0,54.0,9.0,102.4,7.2,60.0,60.0,139.0,128.0,34.0,59.0,49.0,34.0,88.0,103.66,52.0,18.0,49.0,95.2,102.0,106.0,96.0,106.0,88.0,114.0,65.0,45.0,5.0,43.0,43.0,4.0,,,C,POR,0.267,-0.316,0.733,-0.032,0.5,2.0,-0.16,0.267,4.0,0.66,-0.128,0.533,0.333,-0.152,POR,0.0,POR,1.0,27.0,0.0,6180.0,19.2,,MEM,POR,POR,MEM,0.0,0.0,,0.0,0.0,0.0,,,6.0,15.0,0.4,0.54,-0.14,2.0,4.0,0.5,0.656,-0.156,1610612763.0
1642905,Yang Hansen,1610612757,POR,20.0,10.036666666666669,0,2,0.0,0,1,0.0,0,0,0.0,0,0,0,1,1,0,0,1,2,0,0,2,25.0,104.5,119.0,25.0,0.0,0.0,116.4,0.0,21,-2.8,0.125,85.69,113.6,99.86,-0.088,0.0,102.82,0.091,0.0,25.0,14.5,1.0,0.12,0.143,0.143,0.0,2.0,2.0,7.0,1.0,8.0,0.0,0.0,0.0,0.0,0.0,0.0,0.0,0.0,0.0,0.0,0.0,0.0,0.0,0.0,0.0,0.0,0.0,0.0,0.0,0.3,0.0,8.0,0.0,10.0,0.0,0.8,1.0,1.52,0.0,1.0,,,,,,,,,,,,,,,,,,,,,,,,,,,,,,,,,,,,,,0.0,0.5,1.0,0.0,,0.0,0.0,1.0,0.0,0.5,0.0,0.0,0.0,,,,,,,,,,,,,,1.0,0.0,0.0,0.0,0.5,,0.0,1.0,0.0,0.5,0.0,0.0,0.0,,,,,,,,,0.0,0.0,0.0,0.0,0.0,0.0,0.0,0.0,0.0,0.0,0.0,0.0,,0.0,0.0,0.0,1.0,0.0,0.0,1.0,0.0,0.0,0.0,0.0,0.0,0.0,0.0,0.0,,0.0,0.0,0.0,,0.483,14.0,0.287,-0.154,0.636,29.0,0.0,,0.0,,,0.0,0.0,0.0,0.0,0.0,0.0,0.0,0.0,0.0,0.0,1.0,,0.0,0.0,0.0,1.0,0.0,0.0,,,0.0,0.0,0.0,1.0,0.0,0.0,0,1,0.195,,,0.472,,2.0,0.354,1.0,0.5,0.714,0.56,7.0,5.0,4.0,3.0,0.583,0.75,2.0,0.5,1.0,0.358,2.0,0.0,1.0,1.0,0.0,0.0,5.0,0.0,3.0,0.0,2.0,0.0,0.0,0.0,0.0,0.0,2.0,0.0,4.0,2.0,2.0,0.0,0.0,0.0,0.0,1.0,0.0,0.0,0.0,0.0,0.0,0.0,0.0,0.0,0.0,4.32,0.3,3.72,4.04,0.4,0.7,2026,,22500457,,20251229,2025-26,False,DAL,ang Hansen,1.0,1.0,0.0,1.0,0.5,0.0,0.0,1.0,1.0,1.0,1.0,1.0,207.0,213.0,201.0,213.0,139.0,162.0,139.0,133.0,140.0,133.0,137.0,206.0,216.0,135.0,72.0,113.0,78.0,168.0,124.0,171.0,224.0,99.0,240.0,19.0,2.0,239.0,1.0,103.0,0.0,201.0,232.0,213.0,62.0,152.0,119.0,14.5,79.0,79.0,232.0,247.0,73.0,137.0,80.0,73.0,115.0,102.82,138.0,130.0,216.0,104.5,192.0,213.0,189.0,134.0,115.0,224.0,137.0,206.0,2.0,110.0,110.0,0.0,,,C,POR,0.222,0.146,0.778,0.155,0.667,2.0,0.074,0.333,3.0,0.593,0.167,0.444,0.222,0.142,POR,0.0,POR,1.0,10.0,0.0,3807.0,10.0,,POR,DAL,POR,DAL,0.0,0.0,,0.0,0.0,0.0,,,6.0,9.0,0.667,0.473,0.194,2.0,3.0,0.667,0.593,0.074,1610612742.0
1642905,Yang Hansen,1610612757,POR,20.0,1.5833333333333333,0,1,0.0,0,1,0.0,0,0,0.0,0,0,0,0,1,0,0,0,0,0,0,-5,50.0,125.0,0.0,50.0,0.0,0.0,125.0,0.0,4,-125.0,0.5,101.05,0.0,121.26,-0.364,0.0,121.26,0.0,0.0,0.0,-125.0,0.0,0.5,0.0,0.0,,0.0,0.0,0.0,0.0,2.0,0.0,0.0,0.0,0.0,0.0,0.0,0.0,0.0,0.0,0.0,0.0,0.0,0.0,0.0,0.0,0.0,0.0,0.0,0.0,0.0,0.0,2.0,0.0,2.0,1.0,1.0,1.0,1.32,0.0,0.0,,,,,,,,,,,,,,,,,,,,,,,,,,,,,,,,,,,,,,,,,,,,,,,,,,,,,,,,,,,,,,,,1.0,0.0,0.0,0.0,1.0,,0.0,1.0,0.0,1.0,0.0,0.0,0.0,,,,,,,,,0.0,0.0,0.0,0.0,0.0,0.0,0.0,0.0,0.0,1.0,0.0,0.0,0.0,0.0,0.0,0.0,0.0,,0.0,0.0,0.0,0.0,,0.0,0.0,0.0,0.0,,0.0,0.0,0.0,0.0,1.0,0.467,14.0,0.283,-0.165,0.631,30.0,1.0,,,,,0.0,0.0,0.0,0.0,0.0,0.0,0.0,,0.0,0.0,0.0,,,,,0.0,0.0,0.0,,,,0.0,0.0,1.0,0.0,0.0,0,1,-0.373,,,0.373,,,,,,0.0,0.494,1.0,0.0,1.0,0.0,0.493,0.0,,,,,,,,,,,,,,,,,,,,,,,,,,0.0,0.0,0.0,0.0,0.0,0.0,0.0,0.0,0.0,0.0,0.0,0.0,0.0,0.0,0.0,0.1,6.88,3.56,0.0,0.1,2026,,22500482,,20260102,2025-26,False,NOP,ang Hansen,1.0,1.0,0.0,1.0,-1.0,0.0,0.0,0.0,1.0,1.0,1.0,1.0,206.0,182.0,194.0,182.0,123.0,154.0,123.0,122.0,127.0,122.0,108.0,182.0,188.0,170.0,83.0,119.0,72.0,1.0,1.0,151.0,184.0,130.0,207.0,13.0,2.0,200.0,1.0,94.0,0.0,194.0,208.0,182.0,170.0,1.0,0.0,-125.0,208.0,208.0,208.0,209.0,167.0,170.0,124.0,167.0,209.0,121.26,209.0,169.0,188.0,125.0,1.0,182.0,1.0,209.0,209.0,184.0,108.0,182.0,1.0,1.0,1.0,0.0,,,C,POR,,,1.0,-0.494,0.0,0.0,-0.5,1.0,1.0,0.5,-0.493,1.0,,,,0.0,POR,0.0,2.0,0.0,656.0,1.6,,NOP,POR,POR,NOP,0.0,0.0,,0.0,0.0,0.0,,,0.0,1.0,0.0,0.372,-0.372,0.0,1.0,0.0,0.505,-0.505,1610612740.0
1642905,Yang Hansen,1610612757,POR,20.0,2.2333333333333334,1,1,1.0,0,0,0.0,2,2,1.0,0,0,0,0,0,0,0,0,0,1,4,2,0.0,100.0,150.0,0.0,0.0,0.0,138.9,0.0,4,15.8,0.485,71.64,154.6,72.64,0.444,1.0,85.97,0.0,1.064,0.0,50.0,0.0,0.5,0.0,0.0,0.0,0.0,0.0,1.0,0.0,2.0,0.0,0.0,0.0,0.0,0.0,0.0,0.0,0.0,0.0,0.0,0.0,0.0,0.0,0.0,0.0,0.0,0.0,0.0,0.0,0.1,2.0,2.0,2.0,3.0,0.0,1.0,1.0,2.45,1.333,2.0,,,,,,,,,,,,,,,,,,,,,,,,,,,,,,,,,,,,,,0.0,1.0,1.0,0.0,,1.0,1.0,1.0,1.0,1.0,1.0,0.0,1.0,,,,,,,,,,,,,,,,,,,,,,,,,,,,,,,,,,,1.0,0.0,1.0,2.0,1.0,0.0,4.0,0.0,0.0,0.0,0.0,0.0,0.0,,,,0.0,1.0,0.0,0.0,0.0,,1.0,0.0,0.0,,0.0,1.0,0.0,0.0,0.0,,0.0,0.455,15.0,0.297,-0.174,0.629,33.0,0.0,0.0,0.0,0.0,,,0.0,0.0,,,,,0.0,,,,,1.0,0.0,1.0,0.0,0.0,0.0,,0.0,1.0,,,,,,0,0,0.036,,,0.464,,1.0,0.309,0.0,0.0,1.0,0.557,1.0,1.0,1.0,1.0,0.572,1.0,1.0,0.0,0.0,0.299,0.0,0.0,0.0,0.0,0.0,0.0,1.0,0.0,0.0,0.0,1.0,0.0,0.0,0.0,0.0,0.0,0.0,0.0,2.0,1.0,0.0,2.0,1.0,2.0,2.0,1.0,0.0,0.0,0.0,0.0,0.0,0.0,0.5,1.0,1.0,4.66,0.1,4.99,4.82,0.1,0.2,2026,,22500509,,20260105,2025-26,False,UTA,ang Hansen,1.0,1.0,0.0,1.0,4.0,0.0,0.0,4.0,1.0,1.0,1.0,1.0,166.0,125.0,152.0,1.0,106.0,145.0,106.0,41.0,48.0,1.0,83.0,147.0,153.0,134.0,98.0,84.0,52.0,1.0,1.0,76.0,129.0,71.0,152.0,14.0,1.0,148.0,1.0,101.0,1.0,152.0,1.0,125.0,134.0,166.0,150.0,50.0,12.0,12.0,1.0,1.0,40.0,134.0,92.0,40.0,7.0,85.97,45.0,154.0,153.0,100.0,1.0,5.0,1.0,5.0,7.0,6.0,83.0,147.0,1.0,164.0,164.0,4.0,,,C,POR,0.5,-0.309,0.5,0.443,1.0,1.0,0.397,0.5,1.0,0.603,0.428,0.5,0.5,-0.299,POR,1.0,POR,2.0,3.0,4.0,802.0,2.2,,POR,UTA,POR,UTA,0.0,0.0,,0.0,,,,,1.0,2.0,0.5,0.489,0.011,1.0,1.0,1.0,0.622,0.378,1610612762.0
1642905,Yang Hansen,1610612757,POR,20.0,3.466666666666667,0,0,0.0,0,0,0.0,0,0,0.0,0,0,0,0,1,0,0,0,0,0,0,-6,100.0,142.9,50.0,100.0,0.0,0.0,134.4,0.0,8,-77.3,0.143,86.54,57.1,99.97,-0.067,0.0,103.85,0.0,0.0,0.0,-92.9,0.0,0.125,0.0,0.0,0.0,0.0,0.0,2.0,0.0,2.0,0.0,0.0,0.0,0.0,0.0,0.0,0.0,0.0,0.0,0.0,0.0,0.0,0.0,0.0,0.0,0.0,0.0,0.0,0.0,0.1,0.0,1.0,0.0,3.0,0.0,1.0,0.0,1.72,0.0,0.0,,,,,,,,,,,,,,,,,,,,,,,,,,,,,,,,,,,,,,,,,,,,,,,,,,,,,,,,,,,,,,,,,,,,,,,,,,,,,,,,,,,,,0.0,0.0,0.0,0.0,0.0,0.0,0.0,0.0,0.0,,0.0,0.0,,,0.0,,0.0,0.0,0.0,0.0,0.0,0.0,0.0,0.0,,0.0,,0.0,,0.0,0.0,,,0.5,20.0,0.29,-0.128,0.628,40.0,0.0,,0.0,,0.0,,0.0,0.0,0.0,,0.0,0.0,0.0,0.0,,0.0,0.0,0.0,0.0,0.0,0.0,0.0,0.0,0.0,,0.0,0.0,,,,,0,0,0.312,,,0.688,,,,,,1.0,0.8,1.0,1.0,1.0,1.0,0.75,1.0,,,,,,,,,,,,,,,,,,,,,,,,,,0.0,0.0,0.0,0.0,0.0,0.0,0.0,0.0,0.0,0.0,0.0,0.0,0.0,0.0,2.47,0.1,4.53,3.2,0.1,0.2,2026,,22500601,,20260117,2025-26,False,LAL,ang Hansen,1.0,1.0,0.0,1.0,-1.0,0.0,0.0,0.0,1.0,1.0,1.0,1.0,194.0,172.0,188.0,172.0,124.0,162.0,124.0,102.0,110.0,102.0,112.0,176.0,182.0,159.0,72.0,102.0,63.0,1.0,1.0,140.0,178.0,130.0,197.0,10.0,1.0,196.0,1.0,100.0,0.0,188.0,197.0,172.0,159.0,153.0,50.0,-92.9,193.0,193.0,197.0,197.0,180.0,159.0,110.0,180.0,194.0,103.85,192.0,164.0,182.0,142.9,127.0,172.0,138.0,193.0,194.0,178.0,112.0,176.0,0.0,78.0,78.0,0.0,,,C,POR,,,1.0,0.2,1.0,1.0,0.25,1.0,1.0,0.75,0.25,1.0,,,,0.0,POR,0.0,3.0,0.0,1119.0,3.5,,POR,LAL,POR,LAL,0.0,0.0,,0.0,,,,,1.0,1.0,1.0,0.569,0.431,1.0,1.0,1.0,0.778,0.222,1610612747.0
1642905,Yang Hansen,1610612757,POR,20.0,9.366666666666667,1,3,0.333,0,1,0.0,0,0,0.0,0,0,0,1,2,1,0,1,2,0,2,-7,33.3,127.3,100.0,33.3,0.0,0.0,132.8,0.0,21,-31.7,0.22,91.81,101.2,107.21,-0.045,0.333,110.18,0.143,0.333,16.7,-27.3,0.5,0.208,0.2,0.2,0.0,2.0,1.0,5.0,1.0,7.0,0.0,0.0,0.0,0.0,0.0,0.0,0.0,0.0,0.0,0.0,0.0,0.0,0.0,0.0,0.0,0.0,0.0,0.0,0.0,0.3,0.0,6.0,0.0,9.0,0.0,0.89,1.0,1.96,0.222,0.0,,,,,,,,,,,,,,,,,,,,,,,,,,,,,,,,,,,,,,0.0,0.667,2.0,0.0,,1.0,0.5,2.0,1.0,0.667,0.5,0.0,0.5,,,,,,,,,,,,,,1.0,0.0,0.0,0.0,0.333,,0.0,1.0,0.0,0.333,0.0,0.0,0.0,,,,,,,,,0.0,0.0,0.333,0.0,0.0,0.0,0.0,0.0,0.0,1.0,0.0,0.0,0.0,,,,0.0,0.0,0.0,0.0,1.0,,0.0,2.0,0.0,,0.0,0.0,0.0,0.5,0.0,,1.0,0.5,20.0,0.286,-0.129,0.629,40.0,1.0,0.0,0.0,0.0,0.0,0.0,0.0,0.0,0.0,0.0,,,0.0,,0.0,0.0,0.0,0.5,0.0,1.0,0.0,0.0,0.0,0.0,0.0,2.0,0.0,0.0,1.0,0.0,0.0,0,1,-0.03,,,0.53,,,,,,0.5,0.566,2.0,1.0,2.0,1.0,0.58,0.5,,,,,0.0,0.0,0.0,0.0,0.0,0.0,2.0,0.0,2.0,1.0,1.0,0.0,0.0,0.0,0.0,0.0,0.0,0.0,3.0,0.0,0.0,0.0,0.0,0.0,0.0,0.0,0.0,0.0,0.0,0.0,0.0,0.0,0.0,0.0,0.0,4.57,0.3,3.84,4.22,0.4,0.7,2026,,22500606,,20260118,2025-26,False,SAC,ang Hansen,1.0,1.0,0.0,1.0,4.5,0.0,0.0,5.0,1.0,1.0,1.0,1.0,114.0,94.0,100.0,88.0,71.0,91.0,71.0,66.0,69.0,66.0,76.0,113.0,118.0,79.0,16.0,22.0,45.0,90.0,74.0,91.0,107.0,90.0,116.0,9.0,1.0,113.0,1.0,101.0,1.0,100.0,128.0,94.0,72.0,7.0,100.0,-27.3,111.0,111.0,128.0,128.0,107.0,59.0,69.0,107.0,92.0,110.18,115.0,120.0,118.0,127.3,53.0,98.0,54.0,98.0,92.0,102.0,76.0,113.0,3.0,5.0,5.0,2.0,,,C,POR,,,1.0,-0.066,,,,,,,-0.08,1.0,,,POR,0.0,POR,0.0,9.0,0.0,3626.0,9.4,,SAC,POR,POR,SAC,0.0,0.0,,0.0,0.0,0.0,,,1.0,2.0,0.5,0.55,-0.05,,,,,,1610612758.0
1642905,Yang Hansen,1610612757,POR,20.0,11.916666666666666,2,6,0.333,0,1,0.0,2,2,1.0,3,2,5,1,1,0,0,0,1,2,6,11,11.3,74.1,110.7,11.1,0.192,0.133,74.4,0.273,28,39.7,0.245,92.31,114.1,108.84,0.136,0.333,110.77,0.111,0.436,11.1,36.6,1.0,0.235,0.1,0.1,0.0,2.0,1.0,10.0,1.0,13.0,0.0,0.0,0.0,0.0,0.0,0.0,0.0,0.0,0.0,0.0,0.0,0.0,0.0,0.0,0.0,0.0,0.0,0.0,0.667,0.4,1.0,14.0,0.0,19.0,3.0,0.42,4.0,1.31,0.316,0.0,1.0,0.286,1.0,0.0,0.0,2.2,0.75,2.0,0.75,0.0,1.0,0.455,5.0,3.0,0.333,0.5,7.0,11.0,0.0,1.0,3.2,4.0,2.6,1.0,2.0,0.333,1.0,,0.0,0.5,0.0,1.0,0.333,0.5,2.0,0.5,0.0,0.0,0.333,2.0,0.0,,1.0,0.5,2.0,1.0,0.333,0.5,0.0,0.5,,,,,,,,,,,,,,2.0,0.0,0.0,0.0,0.333,0.0,0.0,1.0,0.0,0.167,0.167,1.0,0.0,,,,,,,,,0.333,2.0,0.333,4.0,0.0,0.333,0.0,0.0,0.0,0.0,0.0,2.0,0.0,0.0,0.0,0.0,3.0,0.0,0.667,1.0,0.0,0.0,0.0,2.0,0.0,0.0,0.0,0.0,0.0,0.0,0.0,0.0,0.0,0.533,24.0,0.283,-0.089,0.622,45.0,0.0,0.0,0.0,0.0,,0.0,0.667,0.0,0.0,0.0,0.0,0.0,0.0,0.0,1.0,1.0,,0.0,0.0,0.0,3.0,0.0,2.0,,0.0,1.0,0.0,0.0,1.0,0.0,0.0,0,2,0.065,,,0.435,,3.0,0.228,1.0,0.333,0.571,0.602,7.0,4.0,4.0,2.0,0.577,0.5,3.0,0.333,1.0,0.223,3.0,0.0,0.333,1.0,0.0,0.0,8.0,3.0,6.0,0.0,3.0,1.0,0.0,2.0,0.0,0.0,1.0,0.667,6.0,2.0,3.0,0.0,0.0,0.0,0.0,0.0,0.0,0.0,0.0,0.0,0.0,0.0,0.0,0.0,0.0,3.94,0.4,3.43,4.12,0.4,0.9,2026,,22500664,,20260127,2025-26,False,WAS,ang Hansen,1.0,0.0,1.0,0.0,12.5,0.0,0.0,12.0,1.0,76.0,76.0,76.0,123.0,91.0,83.0,99.0,75.0,98.0,75.0,35.0,45.0,1.0,14.0,71.0,41.0,82.0,57.0,67.0,48.0,1.0,27.0,37.0,92.0,19.0,101.0,14.0,1.0,100.0,1.0,107.0,2.0,83.0,95.0,91.0,89.0,11.0,110.7,36.6,11.0,11.0,98.0,41.0,7.0,80.0,44.0,7.0,72.0,110.77,12.0,5.0,13.0,74.1,27.0,108.0,28.0,63.0,72.0,103.0,1.0,51.0,6.0,8.0,8.0,6.0,1.0,POR,C,POR,0.3,0.105,0.7,-0.03,0.667,2.0,0.066,0.3,3.0,0.6,-0.077,0.4,0.3,0.11,POR,0.0,POR,0.0,19.0,0.0,4520.0,11.9,,WAS,POR,POR,WAS,0.0,0.0,,0.0,0.0,0.0,,,5.0,10.0,0.5,0.499,0.001,2.0,3.0,0.667,0.6,0.067,1610612764.0
1642905,Yang Hansen,1610612757,POR,20.0,7.245,0,2,0.0,0,0,0.0,0,0,0.0,0,3,3,0,1,0,0,1,0,0,0,-13,33.3,118.8,42.9,33.3,0.188,0.5,124.0,0.0,14,-86.2,0.159,82.82,37.8,103.35,0.0,0.0,99.38,0.0,0.0,0.0,-75.9,0.0,0.158,0.0,0.0,0.0,0.0,2.0,8.0,0.0,7.0,0.0,0.0,0.0,0.0,0.0,0.0,0.0,0.0,0.0,0.0,0.0,0.0,0.0,0.0,0.0,0.0,0.0,0.0,0.0,0.4,0.0,6.0,0.0,10.0,0.0,1.1,1.0,2.46,0.0,1.0,0.333,1.0,0.0,0.0,0.0,0.0,0.0,1.0,0.0,2.0,0.0,0.6,1.0,0.0,1.0,0.6,3.0,5.0,2.0,0.333,4.3,2.0,4.3,0.0,,,,,,,,,,,,,,0.0,1.0,2.0,0.0,,0.0,0.0,2.0,0.0,1.0,0.0,0.0,0.0,,,,,,,,,,,,,,,,,,,,,,,,,,,,,,,,,,,0.0,0.0,0.0,0.0,0.0,0.0,0.0,0.0,0.0,0.0,0.0,0.0,,0.0,,0.0,0.0,0.0,0.0,0.0,0.0,,0.0,2.0,0.0,,0.0,0.0,,0.0,0.0,0.0,,0.524,22.0,0.282,-0.1,0.624,42.0,0.0,,0.0,,,0.0,0.0,0.0,0.0,0.0,,,0.0,,1.0,0.0,,0.0,0.0,0.0,0.0,0.0,0.0,,,1.0,0.0,,,,,0,0,-0.041,,,0.486,,2.0,0.28,1.0,0.5,0.429,0.566,7.0,3.0,2.0,2.0,0.656,1.0,2.0,0.5,1.0,0.291,2.0,0.0,1.0,1.0,0.0,0.0,4.0,1.0,2.0,0.0,1.0,0.5,0.0,0.0,0.0,0.0,2.0,0.0,3.0,2.0,2.0,0.0,0.0,0.0,0.0,0.0,0.0,1.0,0.0,0.0,0.0,1.0,0.0,0.0,0.0,4.22,0.2,3.31,3.8,0.3,0.5,2026,,22500642,,20260123,2025-26,False,TOR,ang Hansen,1.0,0.0,1.0,0.0,2.6,0.0,0.0,3.0,1.0,81.0,81.0,81.0,148.0,143.0,140.0,143.0,96.0,132.0,96.0,83.0,85.0,83.0,89.0,69.0,90.0,130.0,56.0,79.0,55.0,101.0,1.0,111.0,145.0,146.0,150.0,17.0,2.0,150.0,1.0,97.0,0.0,140.0,149.0,143.0,130.0,38.0,42.9,-75.9,160.0,160.0,149.0,134.0,119.0,130.0,89.0,119.0,159.0,99.38,160.0,134.0,11.0,118.8,98.0,143.0,97.0,159.0,159.0,145.0,89.0,2.0,2.0,82.0,82.0,0.0,,,C,POR,0.222,0.22,0.778,-0.138,1.0,2.0,0.308,0.222,2.0,0.693,0.344,0.222,0.222,0.209,POR,0.0,POR,1.0,10.0,0.0,2556.0,7.3,,POR,TOR,POR,TOR,0.0,1.0,0.0,0.0,,,,0.0,4.0,9.0,0.444,0.484,-0.04,2.0,2.0,1.0,0.661,0.34,1610612761.0
1642905,Yang Hansen,1610612757,POR,20.0,12.555,1,3,0.333,1,3,0.333,0,0,0.0,1,1,2,1,1,0,0,0,0,0,3,-9,20.0,144.4,111.1,20.0,0.083,0.1,148.9,0.071,27,-34.9,0.132,86.02,114.0,100.4,0.035,0.5,103.23,0.091,0.5,20.0,-33.3,1.0,0.121,0.125,0.125,0.0,2.0,0.0,8.0,1.0,9.0,0.0,0.0,0.0,0.0,0.0,0.0,0.0,0.0,0.0,0.0,0.0,0.0,0.0,0.0,0.0,0.0,0.0,0.0,0.0,0.4,0.0,9.0,0.0,13.0,1.0,1.08,2.0,2.0,0.231,1.0,0.0,0.333,0.0,1.0,0.0,14.1,0.5,0.0,0.5,1.0,0.0,0.5,0.0,0.0,0.333,0.5,3.0,4.0,2.0,0.0,6.2,2.0,10.2,0.0,,,,,,,,,,,,,,,,,,,,,,,,,,,,1.0,0.0,0.0,0.333,0.0,0.333,0.0,0.0,1.0,0.0,0.0,0.0,2.0,0.5,1.0,1.0,0.667,,0.75,2.0,0.0,0.667,0.0,0.0,0.5,,,,,,,,,0.0,0.0,0.5,0.0,0.0,0.0,0.0,3.0,0.333,2.0,0.0,0.0,0.0,1.0,,1.0,0.0,0.0,0.0,1.0,0.0,,0.0,0.0,1.0,,0.5,0.0,0.0,0.0,0.0,1.0,1.0,0.487,19.0,0.285,-0.13,0.618,39.0,3.0,,0.0,,0.0,0.0,0.0,1.0,0.0,0.0,,,0.0,,0.0,0.0,0.0,0.0,0.0,0.0,0.0,0.333,0.0,0.0,,0.0,0.0,0.5,3.0,1.0,0.333,1,3,0.288,,,0.462,,2.0,0.371,1.0,0.5,1.0,0.539,2.0,2.0,2.0,2.0,0.639,1.0,2.0,0.5,1.0,0.365,0.0,0.0,0.0,0.0,0.0,0.0,1.0,0.0,1.0,1.0,1.0,0.0,0.0,0.0,0.0,0.0,0.0,0.0,2.0,0.0,0.0,0.0,0.0,0.0,0.0,0.0,0.0,1.0,0.0,0.0,0.0,1.0,0.0,0.0,0.0,4.39,0.5,4.17,4.29,0.5,1.0,2026,,22500570,,20260113,2025-26,False,GSW,ang Hansen,1.0,0.0,1.0,0.0,5.9,0.0,0.0,7.0,1.0,79.0,79.0,79.0,123.0,110.0,115.0,107.0,57.0,72.0,59.0,78.0,81.0,78.0,35.0,100.0,90.0,82.0,42.0,74.0,38.0,1.0,1.0,96.0,113.0,118.0,128.0,9.0,1.0,117.0,1.0,102.0,1.0,115.0,138.0,110.0,65.0,82.0,111.1,-33.3,129.0,129.0,138.0,119.0,139.0,89.0,47.0,139.0,87.0,103.23,133.0,140.0,66.0,144.4,116.0,79.0,119.0,79.0,87.0,92.0,38.0,86.0,3.0,47.0,47.0,3.0,,,C,POR,0.5,0.129,0.5,0.462,1.0,2.0,0.362,0.5,2.0,0.638,0.361,0.5,0.5,0.136,POR,0.0,POR,1.0,13.0,0.0,5109.0,12.6,,GSW,POR,POR,GSW,0.0,0.0,,0.0,0.0,0.0,,,3.0,4.0,0.75,0.465,0.285,2.0,2.0,1.0,0.647,0.354,1610612744.0
1642905,Yang Hansen,1610612757,POR,20.0,13.183333333333334,1,5,0.2,0,3,0.0,0,0,0.0,1,0,1,1,1,0,0,1,2,1,2,0,14.3,76.0,76.0,14.3,0.021,0.0,74.1,0.056,25,4.0,0.22,75.85,78.1,90.95,-0.13,0.2,91.02,0.167,0.2,14.3,0.0,1.0,0.214,0.125,0.125,0.0,3.0,1.0,8.0,1.0,11.0,0.0,0.0,0.0,0.0,0.0,0.0,0.0,0.0,0.0,0.0,0.0,0.0,0.0,0.0,0.0,0.0,0.0,0.0,0.0,0.4,1.0,12.0,0.0,14.0,2.0,1.07,2.0,1.79,0.143,0.0,0.0,0.0,0.0,1.0,1.0,10.9,0.2,0.0,0.25,0.0,1.0,0.1,0.0,0.0,0.0,0.111,5.0,10.0,1.0,0.0,0.0,5.0,10.9,0.0,1.0,0.2,1.0,,0.0,1.0,0.0,1.0,0.2,1.0,1.0,1.0,0.0,0.0,0.2,1.0,0.0,,0.0,0.0,1.0,0.0,0.2,0.0,0.0,0.0,,,,,,,,,,,,,,3.0,0.0,0.0,0.0,0.6,,0.0,3.0,0.0,0.6,0.0,0.0,0.0,,,,,,,,,1.0,0.0,0.2,2.0,0.0,0.0,0.0,0.0,0.0,1.0,0.0,0.0,0.0,0.0,0.0,0.0,0.0,0.0,0.0,2.0,1.0,0.0,0.0,2.0,0.0,0.0,0.0,0.0,0.0,0.5,0.0,0.0,1.0,0.459,17.0,0.278,-0.157,0.616,37.0,2.0,0.0,0.0,0.0,,0.0,0.0,0.0,0.0,0.0,0.0,0.0,0.0,0.0,1.0,1.0,,1.0,0.0,1.0,0.0,0.0,0.0,,0.0,1.0,0.0,0.0,3.0,0.0,0.0,0,3,-0.192,,,0.442,,3.0,0.339,0.0,0.0,0.333,0.514,9.0,3.0,4.0,1.0,0.556,0.25,5.0,0.0,0.0,0.35,4.0,0.0,1.0,1.0,0.0,0.0,3.0,0.0,2.0,2.0,1.0,0.0,0.0,0.0,0.0,0.0,4.0,0.0,2.0,1.0,4.0,0.0,0.0,0.0,0.0,0.0,0.0,0.0,0.0,0.0,0.0,0.0,0.0,0.0,0.0,4.44,0.5,4.18,3.87,0.5,0.9,2026,,22500540,,20260109,2025-26,False,HOU,ang Hansen,1.0,1.0,0.0,1.0,3.7,0.0,0.0,4.0,1.0,1.0,1.0,1.0,168.0,156.0,136.0,172.0,113.0,90.0,113.0,101.0,104.0,101.0,62.0,169.0,156.0,111.0,69.0,94.0,73.0,137.0,103.0,87.0,169.0,105.0,189.0,13.0,3.0,185.0,1.0,97.0,1.0,136.0,157.0,156.0,114.0,192.0,76.0,0.0,106.0,106.0,159.0,204.0,6.0,74.0,68.0,6.0,198.0,91.02,98.0,4.0,179.0,76.0,75.0,173.0,73.0,197.0,198.0,180.0,80.0,169.0,5.0,187.0,187.0,2.0,1.0,POR,C,POR,0.25,-0.339,0.75,-0.18,1.0,1.0,0.384,0.083,1.0,0.616,-0.306,0.333,0.417,-0.35,POR,0.0,POR,0.0,14.0,0.0,4943.0,13.2,,POR,HOU,POR,HOU,0.0,0.0,,0.0,0.0,0.0,,,3.0,12.0,0.25,0.445,-0.195,1.0,1.0,1.0,0.597,0.403,1610612745.0
1642905,Yang Hansen,1610612757,POR,20.0,16.516666666666666,1,4,0.25,1,3,0.333,0,0,0.0,0,3,3,2,2,0,0,1,5,2,3,2,25.0,109.4,112.1,25.0,0.086,0.143,106.6,0.0,33,0.6,0.16,78.71,107.2,97.88,-0.037,0.375,94.45,0.167,0.375,25.0,2.7,1.0,0.158,0.154,0.154,0.0,5.0,0.0,13.0,2.0,14.0,0.0,1.0,0.0,0.0,0.0,0.0,0.0,0.0,0.0,0.0,0.0,0.0,0.0,0.0,0.0,1.0,0.0,0.0,0.0,0.6,0.0,11.0,0.0,20.0,1.0,0.65,0.0,1.84,0.15,0.0,0.333,0.75,0.0,0.0,0.0,0.0,0.0,1.0,0.0,2.0,0.0,0.6,1.0,0.0,0.75,0.6,4.0,5.0,2.0,0.333,4.7,2.0,4.7,0.0,,,,,,,,,,,,,,0.0,0.25,1.0,0.0,,0.0,0.0,1.0,0.0,0.25,0.0,0.0,0.0,,1.0,0.0,0.0,0.25,0.0,0.25,0.0,0.0,1.0,0.0,0.0,0.0,2.0,0.5,1.0,1.0,0.5,,0.75,2.0,0.0,0.5,0.0,0.0,0.5,,,,,,,,,0.0,0.0,0.375,0.0,0.0,0.0,0.0,3.0,0.333,1.0,0.5,0.0,0.0,0.0,0.0,1.0,1.0,0.0,0.0,2.0,0.0,0.0,0.0,0.0,0.0,0.0,0.0,0.0,0.0,0.0,1.0,0.0,0.0,0.444,16.0,0.298,-0.172,0.616,36.0,1.0,0.0,0.0,0.0,,0.0,0.0,0.0,1.0,0.0,0.0,0.0,0.0,0.0,0.0,2.0,,0.0,0.0,0.0,1.0,0.0,0.0,,0.0,0.0,0.5,0.5,3.0,1.0,0.333,1,3,0.044,,,0.456,,2.0,0.434,1.0,0.5,0.5,0.49,8.0,4.0,3.0,1.0,0.498,0.333,5.0,0.8,4.0,0.414,1.0,0.0,1.0,1.0,0.0,0.0,2.0,1.0,1.0,0.0,1.0,1.0,0.0,0.0,0.0,0.0,1.0,0.0,2.0,1.0,1.0,0.0,0.0,0.0,0.0,0.0,0.0,0.0,0.0,0.0,0.0,0.0,0.0,0.0,0.0,4.36,0.5,3.64,4.03,0.7,1.2,2026,,22500527,,20260107,2025-26,False,HOU,ang Hansen,1.0,1.0,0.0,1.0,7.6,0.0,0.0,9.0,1.0,1.0,1.0,1.0,186.0,179.0,177.0,192.0,85.0,113.0,77.0,122.0,134.0,122.0,143.0,95.0,131.0,92.0,43.0,136.0,100.0,161.0,243.0,64.0,187.0,92.0,205.0,19.0,2.0,194.0,1.0,96.0,1.0,177.0,234.0,179.0,60.0,143.0,112.1,2.7,108.0,108.0,235.0,241.0,138.0,83.0,79.0,138.0,98.0,94.45,123.0,135.0,111.0,109.4,154.0,156.0,155.0,122.0,98.0,177.0,143.0,89.0,4.0,176.0,176.0,3.0,,,C,POR,0.2,0.066,0.8,0.01,0.333,1.0,-0.189,0.3,3.0,0.522,-0.165,0.3,0.5,0.386,POR,0.0,POR,0.0,20.0,0.0,6271.0,16.5,,POR,HOU,POR,HOU,0.0,0.0,,0.0,0.0,0.0,,,5.0,10.0,0.5,0.442,0.058,1.0,3.0,0.333,0.551,-0.218,1610612745.0
1642905,Yang Hansen,1610612757,POR,20.0,10.658333333333331,0,1,0.0,0,0,0.0,2,2,1.0,1,1,2,1,0,0,2,1,1,2,2,1,0.0,108.0,112.0,0.0,0.08,0.071,112.7,0.091,25,6.4,0.071,93.82,119.0,106.91,0.078,0.0,112.59,0.111,0.532,33.3,4.0,0.0,0.069,0.167,0.333,0.0,2.0,2.0,6.0,2.0,6.0,1.0,0.0,0.0,0.0,0.0,0.0,0.0,0.0,0.0,0.0,0.0,0.0,0.0,0.0,0.0,0.0,0.0,0.0,0.0,0.2,0.667,7.0,0.0,9.0,0.0,0.44,3.0,1.55,0.222,0.0,0.0,0.333,1.0,0.0,0.0,3.2,0.333,0.0,0.333,1.0,0.0,0.333,1.0,1.0,0.333,0.333,3.0,6.0,1.0,0.5,1.5,3.0,2.3,0.0,1.0,1.0,0.0,,0.0,0.0,0.0,0.0,1.0,0.0,1.0,0.0,0.0,,,,,,,,,,,,,,,,,,,,,,,,,,,,,,,,,,,,,,,,,,,,,,,,0.0,0.0,0.0,2.0,0.0,0.0,0.0,0.0,0.0,0.0,0.0,0.0,0.0,0.0,0.0,0.0,1.0,0.0,0.0,0.0,0.0,0.0,0.0,0.0,0.0,0.0,0.0,0.0,0.0,0.0,0.0,0.0,0.0,0.438,14.0,0.294,-0.189,0.626,32.0,0.0,0.0,0.0,0.0,,0.0,0.0,0.0,0.0,0.0,0.0,0.0,0.0,0.0,0.0,0.0,,0.0,0.0,0.0,1.0,0.0,0.0,,0.0,0.0,0.0,,,,,0,0,-0.445,,,0.445,,,,,,0.0,0.523,3.0,0.0,2.0,0.0,0.552,0.0,,,,,1.0,0.0,0.0,1.0,0.0,0.0,6.0,0.0,5.0,0.0,1.0,0.0,0.0,1.0,0.0,0.0,0.0,1.0,3.0,1.0,1.0,0.0,0.0,0.0,0.0,0.0,0.0,0.0,0.0,0.0,0.0,0.0,0.0,0.0,0.0,3.88,0.4,4.28,4.07,0.4,0.8,2026,,22500490,,20260103,2025-26,False,SAS,ang Hansen,1.0,1.0,0.0,1.0,11.9,0.0,0.0,9.0,1.0,1.0,1.0,1.0,140.0,143.0,151.0,143.0,102.0,138.0,102.0,40.0,44.0,1.0,42.0,117.0,105.0,93.0,101.0,79.0,6.0,114.0,34.0,40.0,136.0,64.0,121.0,16.0,2.0,124.0,1.0,98.0,0.0,151.0,1.0,143.0,20.0,34.0,112.0,4.0,63.0,63.0,1.0,92.0,53.0,82.0,90.0,53.0,89.0,112.59,61.0,67.0,80.0,108.0,155.0,143.0,154.0,65.0,89.0,91.0,31.0,115.0,1.0,9.0,9.0,2.0,1.0,POR,C,POR,,,1.0,-0.523,0.0,0.0,-0.602,0.667,2.0,0.602,-0.552,0.667,,,POR,0.0,POR,0.0,9.0,0.0,4252.0,10.7,,SAS,POR,POR,SAS,0.0,0.0,,0.0,,,,,0.0,3.0,0.0,0.493,-0.493,0.0,2.0,0.0,0.625,-0.625,1610612759.0
1642905,Yang Hansen,1610612757,POR,20.0,10.633333333333333,1,3,0.333,1,2,0.5,0,0,0.0,0,3,3,0,2,0,0,0,2,1,3,6,40.0,75.0,100.0,40.0,0.107,0.167,74.4,0.0,24,30.0,0.217,90.28,104.3,106.53,0.0,0.5,108.34,0.0,0.5,0.0,25.0,0.0,0.208,0.0,0.0,0.0,0.0,0.0,8.0,0.0,8.0,0.0,0.0,0.0,0.0,0.0,0.0,0.0,0.0,0.0,0.0,0.0,0.0,0.0,0.0,0.0,0.0,0.0,0.0,0.0,0.3,0.0,7.0,0.0,11.0,0.0,0.36,1.0,1.59,0.273,0.0,0.0,0.429,0.0,0.0,0.0,0.0,0.0,0.0,0.0,3.0,2.0,0.429,0.0,0.0,0.6,0.6,7.0,7.0,3.0,0.0,6.9,0.0,6.9,2.0,,,,,,,,,,,,,,0.0,0.333,1.0,0.0,,0.0,0.0,1.0,0.0,0.333,0.0,0.0,0.0,,,,,,,,,,,,,,2.0,0.5,1.0,1.0,0.667,,0.75,2.0,0.0,0.667,0.0,0.0,0.5,,,,,,,,,0.0,0.0,0.5,0.0,0.0,0.0,0.0,3.0,0.5,0.0,0.5,0.0,0.0,0.0,0.0,0.0,1.0,0.0,0.0,2.0,0.0,0.0,0.0,0.0,0.0,0.0,0.0,0.0,0.0,0.0,1.0,0.0,0.0,0.462,12.0,0.283,-0.172,0.634,26.0,0.0,0.0,0.0,0.0,0.0,0.0,0.0,0.0,1.0,0.0,0.0,0.0,0.0,0.0,0.0,2.0,0.0,0.0,0.0,0.0,1.0,0.0,0.0,0.0,0.0,0.0,0.5,0.75,2.0,1.0,0.5,1,2,-0.189,,,0.474,,9.0,0.386,3.0,0.333,0.2,0.547,5.0,1.0,4.0,1.0,0.599,0.25,10.0,0.3,3.0,0.381,0.0,0.0,0.0,0.0,0.0,0.0,3.0,0.0,2.0,0.0,1.0,0.0,0.0,0.0,0.0,0.0,0.0,0.0,2.0,1.0,0.0,0.0,0.0,0.0,0.0,0.0,0.0,0.0,0.0,0.0,0.0,0.0,0.0,0.0,0.0,4.35,0.4,3.99,4.16,0.4,0.8,2026,,22500444,,20251228,2025-26,False,BOS,ang Hansen,1.0,1.0,0.0,1.0,4.6,0.0,0.0,7.0,1.0,1.0,1.0,1.0,110.0,93.0,99.0,91.0,41.0,66.0,9.0,70.0,72.0,70.0,74.0,42.0,62.0,94.0,30.0,72.0,43.0,1.0,56.0,62.0,97.0,34.0,116.0,10.0,2.0,106.0,1.0,103.0,1.0,99.0,124.0,93.0,94.0,31.0,100.0,25.0,20.0,20.0,124.0,110.0,6.0,94.0,71.0,6.0,86.0,108.34,12.0,6.0,33.0,75.0,36.0,59.0,37.0,69.0,86.0,78.0,74.0,32.0,3.0,22.0,22.0,3.0,,,C,POR,0.643,-0.053,0.357,-0.347,0.25,1.0,-0.39,0.286,4.0,0.64,-0.349,0.286,0.714,-0.081,POR,0.0,POR,0.0,11.0,0.0,4019.0,10.6,,POR,BOS,POR,BOS,0.0,0.0,,0.0,0.0,0.0,,,4.0,14.0,0.286,0.468,-0.183,1.0,4.0,0.25,0.641,-0.391,1610612738.0
1642905,Yang Hansen,1610612757,POR,20.0,7.876666666666667,1,1,1.0,0,0,0.0,2,2,1.0,1,1,2,2,2,1,1,0,3,1,4,1,34.0,100.0,110.5,33.3,0.182,0.2,113.4,0.167,19,4.1,0.206,99.03,117.4,108.23,0.107,1.0,118.83,0.286,1.064,33.3,10.5,1.0,0.2,0.222,0.222,0.0,4.0,1.0,9.0,2.0,5.0,0.0,0.0,0.0,1.0,1.0,2.0,2.0,2.0,0.0,0.0,1.0,0.0,0.0,2.0,0.0,1.0,0.0,0.0,0.0,0.7,2.0,5.0,0.0,12.0,0.0,1.17,1.0,3.32,0.333,0.0,1.0,0.5,1.0,0.0,0.0,1.5,1.0,1.0,1.0,0.0,1.0,0.667,2.0,1.0,1.0,1.0,2.0,3.0,0.0,1.0,13.4,1.0,7.5,1.0,1.0,1.0,1.0,,0.0,1.0,0.0,1.0,1.0,1.0,1.0,1.0,0.0,,,,,,,,,,,,,,,,,,,,,,,,,,,,,,,,,,,,,,,,,,,,,,,,1.0,0.0,1.0,2.0,0.0,0.0,0.0,0.0,0.0,0.0,0.0,1.0,,0.0,0.0,0.0,1.0,0.0,1.0,0.0,0.0,0.0,0.0,0.0,0.0,0.0,0.0,0.0,,0.0,0.0,0.0,,0.5,11.0,0.282,-0.133,0.633,22.0,0.0,0.0,0.0,0.0,,0.0,1.0,0.0,0.0,0.0,0.0,0.0,0.0,0.0,0.0,0.0,,0.0,0.0,0.0,1.0,0.0,1.0,,0.0,0.0,0.0,,,,,0,0,0.08,,,0.421,,,,,,0.5,0.524,4.0,2.0,3.0,2.0,0.583,0.667,1.0,0.0,0.0,0.3,0.0,0.0,0.0,0.0,0.0,0.0,2.0,0.0,2.0,1.0,1.0,0.0,0.0,0.0,0.0,0.0,0.0,0.0,2.0,0.0,0.0,0.0,0.0,0.0,0.0,0.0,0.0,0.0,0.0,0.0,0.0,0.0,0.0,0.0,0.0,4.46,0.3,4.21,4.33,0.3,0.6,2026,,22500420,,20251223,2025-26,False,ORL,ang Hansen,1.0,0.0,1.0,0.0,13.4,0.0,0.0,12.0,1.0,154.0,154.0,154.0,268.0,222.0,270.0,1.0,183.0,240.0,183.0,74.0,90.0,1.0,76.0,188.0,166.0,111.0,52.0,62.0,32.0,1.0,217.0,135.0,221.0,136.0,205.0,23.0,2.0,207.0,1.0,98.0,1.0,270.0,302.0,222.0,46.0,58.0,110.5,10.5,102.0,102.0,305.0,129.0,47.0,48.0,101.0,47.0,191.0,118.83,130.0,145.0,25.0,100.0,119.0,12.0,112.0,147.0,191.0,12.0,20.0,60.0,1.0,13.0,13.0,4.0,1.0,POR,C,POR,,,1.0,-0.024,0.667,2.0,0.065,0.75,3.0,0.601,0.084,0.75,0.25,-0.3,POR,0.0,POR,0.0,12.0,0.0,2950.0,7.9,,POR,ORL,POR,ORL,0.0,0.0,,0.0,,,,,2.0,4.0,0.5,0.434,0.066,2.0,3.0,0.667,0.605,0.062,1610612753.0
1642905,Yang Hansen,1610612757,POR,20.0,10.833333333333334,1,4,0.25,1,2,0.5,0,0,0.0,1,4,5,0,0,0,0,0,1,1,3,-5,0.0,87.5,69.6,0.0,0.167,0.25,85.2,0.071,23,-15.7,0.16,86.77,69.6,105.54,0.121,0.375,104.12,0.0,0.375,0.0,-17.9,0.0,0.154,0.0,0.0,0.0,0.0,2.0,9.0,0.0,7.0,0.0,0.0,0.0,0.0,0.0,0.0,0.0,0.0,0.0,0.0,0.0,0.0,0.0,0.0,0.0,0.0,0.0,0.0,0.0,0.6,0.0,8.0,0.0,13.0,1.0,1.0,0.0,2.57,0.231,0.0,0.75,0.667,0.0,1.0,0.0,19.8,0.5,3.0,0.5,1.0,1.0,0.625,3.0,0.0,0.8,0.714,6.0,8.0,2.0,0.6,6.4,2.0,9.1,1.0,,,,,,,,,,,,,,0.0,0.25,1.0,0.0,,0.0,0.0,1.0,0.0,0.25,0.0,0.0,0.0,0.0,3.0,0.5,0.25,0.75,0.333,0.5,0.5,1.0,2.0,0.0,1.0,1.0,,,,,,,,,,,,,,,,,,,,,,0.0,0.0,0.375,0.0,0.0,0.0,0.0,3.0,0.5,0.0,0.5,0.0,0.0,0.0,0.0,0.0,0.0,0.0,0.0,2.0,0.0,0.0,0.0,1.0,0.0,0.0,0.0,1.0,0.0,0.0,1.0,0.0,0.0,0.483,14.0,0.276,-0.148,0.631,29.0,0.0,,0.0,,0.0,0.0,0.0,0.0,1.0,0.0,0.0,0.0,0.0,0.0,1.0,2.0,0.0,0.0,0.0,0.0,0.0,0.0,0.0,0.0,,1.0,0.5,0.75,2.0,1.0,0.5,1,2,-0.001,,,0.501,,4.0,0.358,2.0,0.5,,,,,,,,,4.0,0.5,2.0,0.358,1.0,0.0,1.0,1.0,0.0,1.0,3.0,1.0,0.0,1.0,1.0,1.0,0.0,0.0,1.0,1.0,1.0,0.0,3.0,3.0,1.0,0.0,0.0,0.0,0.0,0.0,0.0,0.0,0.0,0.0,0.0,0.0,0.0,0.0,0.0,3.9,0.3,3.38,4.18,0.4,0.8,2026,,22500470,,20251231,2025-26,False,OKC,ang Hansen,1.0,0.0,1.0,0.0,9.0,0.0,0.0,9.0,1.0,97.0,97.0,97.0,165.0,141.0,138.0,146.0,73.0,110.0,31.0,99.0,105.0,99.0,56.0,54.0,62.0,156.0,121.0,91.0,59.0,1.0,39.0,88.0,146.0,124.0,152.0,14.0,2.0,149.0,1.0,107.0,1.0,138.0,1.0,141.0,156.0,88.0,69.6,-17.9,143.0,143.0,1.0,68.0,17.0,156.0,104.0,17.0,189.0,104.12,135.0,13.0,23.0,87.5,126.0,135.0,124.0,189.0,189.0,144.0,44.0,22.0,4.0,93.0,93.0,3.0,,,C,POR,1.0,0.142,,,,,,,,,,,1.0,0.142,POR,0.0,POR,0.0,13.0,0.0,4000.0,10.8,,OKC,POR,POR,OKC,0.0,1.0,0.0,0.0,0.0,0.0,,0.0,2.0,4.0,0.5,0.508,-0.008,,,,,,1610612760.0
1642905,Yang Hansen,1610612757,POR,20.0,4.083333333333333,0,0,0.0,0,0,0.0,0,0,0.0,0,0,0,0,0,0,0,0,0,0,0,-1,0.0,122.2,111.1,0.0,0.0,0.0,122.2,0.0,9,-8.1,0.0,88.16,114.2,104.39,0.0,0.0,105.8,0.0,0.0,0.0,-11.1,0.0,0.0,0.0,0.0,0.0,0.0,1.0,4.0,0.0,2.0,0.0,0.0,0.0,0.0,0.0,0.0,0.0,0.0,0.0,0.0,0.0,0.0,0.0,0.0,0.0,0.0,0.0,0.0,0.0,0.1,0.0,2.0,0.0,4.0,0.0,0.0,0.0,1.47,0.0,0.0,,,,,,,,,,,,,,,,,,,,,,,,,,,,,,,,,,,,,,,,,,,,,,,,,,,,,,,,,,,,,,,,,,,,,,,,,,,,,,,,,,,,,0.0,0.0,0.0,0.0,0.0,0.0,0.0,0.0,0.0,0.0,0.0,0.0,0.0,0.0,0.0,0.0,0.0,0.0,0.0,0.0,0.0,0.0,0.0,0.0,0.0,0.0,0.0,0.0,0.0,0.0,0.0,0.0,0.0,0.543,25.0,0.284,-0.079,0.623,46.0,0.0,,0.0,,0.0,0.0,0.0,0.0,0.0,0.0,0.0,0.0,0.0,0.0,0.0,0.0,0.0,0.0,0.0,0.0,0.0,0.0,0.0,0.0,,0.0,0.0,,,,,0,0,0.537,,,0.463,,,,,,1.0,0.502,3.0,3.0,2.0,2.0,0.6,1.0,1.0,1.0,1.0,0.413,0.0,0.0,0.0,0.0,0.0,0.0,3.0,0.0,3.0,0.0,0.0,0.0,0.0,0.0,0.0,0.0,0.0,0.0,0.0,0.0,0.0,0.0,0.0,0.0,0.0,0.0,0.0,0.0,0.0,0.0,0.0,0.0,0.0,0.0,0.0,3.05,0.2,4.69,3.98,0.1,0.3,2026,,22500690,,20260130,2025-26,False,NYK,ang Hansen,1.0,0.0,1.0,0.0,0.0,0.0,0.0,0.0,1.0,103.0,103.0,103.0,183.0,179.0,189.0,179.0,120.0,159.0,120.0,107.0,117.0,107.0,107.0,174.0,180.0,165.0,131.0,101.0,57.0,1.0,1.0,139.0,185.0,97.0,196.0,12.0,2.0,196.0,1.0,100.0,0.0,189.0,1.0,179.0,165.0,71.0,111.1,-11.1,122.0,122.0,1.0,176.0,132.0,165.0,116.0,132.0,107.0,105.8,120.0,133.0,180.0,122.2,197.0,179.0,197.0,99.0,107.0,185.0,107.0,174.0,0.0,57.0,57.0,0.0,,,C,POR,,,1.0,0.498,1.0,1.0,0.308,0.333,1.0,0.692,0.401,0.667,0.333,0.587,POR,0.0,POR,0.0,4.0,0.0,1562.0,4.1,,NYK,POR,POR,NYK,0.0,0.0,,0.0,,,,,3.0,3.0,1.0,0.468,0.532,1.0,1.0,1.0,0.657,0.343,1610612752.0
1642905,Yang Hansen,1610612757,POR,20.0,2.566666666666667,0,0,0.0,0,0,0.0,0,0,0.0,1,0,1,1,1,0,0,0,0,0,0,-2,50.0,140.0,83.3,50.0,0.333,0.0,128.7,1.0,6,-28.7,0.167,85.71,100.0,97.62,0.043,0.0,102.86,0.5,0.0,50.0,-56.7,1.0,0.143,0.333,0.333,0.0,2.0,1.0,3.0,1.0,1.0,0.0,0.0,0.0,0.0,0.0,0.0,0.0,0.0,0.0,0.0,0.0,0.0,0.0,0.0,0.0,0.0,0.0,0.0,0.0,0.2,0.0,2.0,0.0,4.0,0.0,0.25,1.0,2.36,0.0,0.0,0.0,0.0,0.0,1.0,0.0,6.9,1.0,0.0,1.0,0.0,0.0,0.5,0.0,0.0,0.0,0.5,1.0,2.0,1.0,0.0,0.0,1.0,6.9,0.0,,,,,,,,,,,,,,,,,,,,,,,,,,,,,,,,,,,,,,,,,,,,,,,,,,,,,,,,,,,,,0.0,0.0,0.0,0.0,0.0,0.0,0.0,0.0,0.0,0.0,0.0,0.0,0.0,,,,0.0,0.0,0.0,0.0,0.0,,0.0,0.0,0.0,,0.0,0.0,0.0,0.0,0.0,,0.0,0.543,25.0,0.284,-0.079,0.623,46.0,0.0,,0.0,,,0.0,0.0,0.0,0.0,0.0,,,0.0,,0.0,0.0,,,0.0,,0.0,0.0,0.0,,,,0.0,,,,,0,0,,,,,,,,,,,,,,,,,,,,,,0.0,0.0,0.0,0.0,0.0,0.0,1.0,0.0,0.0,0.0,0.0,0.0,0.0,0.0,0.0,0.0,0.0,0.0,0.0,1.0,0.0,0.0,0.0,0.0,0.0,0.0,0.0,0.0,0.0,0.0,0.0,0.0,0.0,0.0,0.0,4.06,0.1,3.95,4.01,0.1,0.2,2026,,22500710,,20260201,2025-26,False,CLE,ang Hansen,1.0,0.0,1.0,0.0,1.7,0.0,0.0,2.0,1.0,119.0,119.0,119.0,214.0,197.0,222.0,197.0,129.0,183.0,129.0,118.0,121.0,118.0,64.0,191.0,171.0,114.0,72.0,107.0,59.0,1.0,1.0,156.0,203.0,133.0,216.0,17.0,1.0,209.0,1.0,104.0,0.0,222.0,232.0,197.0,6.0,136.0,83.3,-56.7,209.0,209.0,232.0,163.0,214.0,7.0,58.0,214.0,185.0,102.86,176.0,190.0,3.0,140.0,146.0,197.0,161.0,141.0,185.0,203.0,1.0,191.0,0.0,93.0,93.0,0.0,,,C,POR,,,,,,,,,,,,,,,POR,0.0,POR,0.0,4.0,0.0,946.0,2.6,,POR,CLE,POR,CLE,0.0,0.0,,0.0,,,,,,,,,,,,,,,1610612739.0
1642905,Yang Hansen,1610612757,POR,20.0,3.5,1,2,0.5,0,1,0.0,0,0,0.0,0,1,1,0,2,0,0,0,1,0,2,-10,50.0,171.4,28.6,50.0,0.25,0.5,177.5,0.0,7,-144.2,0.667,80.0,33.3,87.5,-0.067,0.5,96.0,0.0,0.5,0.0,-142.9,0.0,0.571,0.0,0.0,0.0,0.0,0.0,5.0,0.0,7.0,0.0,0.0,0.0,0.0,0.0,0.0,0.0,0.0,0.0,0.0,0.0,0.0,0.0,0.0,0.0,0.0,0.0,0.0,2.0,0.3,2.0,6.0,0.0,9.0,1.0,0.78,1.0,2.04,0.222,1.0,0.0,1.0,0.0,0.0,0.0,0.0,0.0,0.0,0.0,1.0,0.0,0.5,0.0,0.0,1.0,0.5,1.0,2.0,1.0,0.0,9.2,1.0,9.2,0.0,,,,,,,,,,,,,,0.0,0.5,1.0,0.0,,1.0,1.0,1.0,1.0,0.5,1.0,0.0,1.0,,,,,,,,,,,,,,1.0,0.0,0.0,0.0,0.5,,0.0,1.0,0.0,0.5,0.0,0.0,0.0,,,,,,,,,1.0,2.0,0.5,2.0,0.0,1.0,0.0,0.0,0.0,,0.0,1.0,,,,,1.0,0.0,1.0,1.0,0.0,,0.0,0.0,,,,0.0,,0.0,0.0,,,0.543,25.0,0.28,-0.08,0.623,46.0,,,0.0,,,0.0,1.0,,0.0,0.0,,,0.0,,0.0,1.0,,0.0,0.0,0.0,1.0,,1.0,,,0.0,0.0,0.0,1.0,0.0,0.0,0,1,0.043,,,0.457,,2.0,0.333,1.0,0.5,,,,,,,,,2.0,0.5,1.0,0.333,,,,,,,,,,,,,,,,,,,,,,0.0,0.0,0.0,0.0,0.0,0.0,0.0,1.0,1.0,0.0,0.0,0.0,0.0,0.0,2.84,0.1,3.68,3.21,0.1,0.2,2026,,22500745,,20260206,2025-26,False,MEM,ang Hansen,1.0,1.0,0.0,1.0,1.2,0.0,0.0,3.0,1.0,1.0,1.0,1.0,127.0,92.0,108.0,40.0,74.0,92.0,74.0,66.0,68.0,66.0,66.0,87.0,96.0,102.0,15.0,66.0,42.0,1.0,26.0,85.0,100.0,101.0,124.0,5.0,1.0,120.0,1.0,104.0,1.0,108.0,125.0,92.0,102.0,127.0,28.6,-142.9,128.0,128.0,126.0,125.0,126.0,102.0,72.0,126.0,128.0,96.0,128.0,128.0,3.0,171.4,1.0,63.0,1.0,128.0,128.0,77.0,66.0,1.0,2.0,77.0,77.0,2.0,,,C,POR,1.0,0.167,,,,,,,,,,,1.0,0.167,,0.0,POR,1.0,9.0,0.0,1309.0,3.5,,POR,MEM,POR,MEM,0.0,0.0,,0.0,0.0,0.0,,,1.0,2.0,0.5,0.385,0.115,,,,,,1610612763.0
1642905,Yang Hansen,1610612757,POR,20.0,1.0333333333333334,0,1,0.0,0,0,0.0,0,0,0.0,0,1,1,0,0,0,0,0,0,0,0,0,0.0,0.0,0.0,0.0,0.167,0.25,0.0,0.0,3,0.0,0.333,116.13,0.0,116.13,0.0,0.0,139.35,0.0,0.0,0.0,0.0,0.0,0.333,0.0,0.0,0.0,0.0,0.0,1.0,0.0,1.0,0.0,0.0,0.0,0.0,0.0,0.0,0.0,0.0,0.0,0.0,0.0,0.0,0.0,0.0,0.0,0.0,0.0,0.0,0.0,0.1,0.0,1.0,0.0,2.0,0.0,1.0,1.0,1.74,0.0,1.0,1.0,0.333,0.0,0.0,0.0,0.0,0.0,1.0,0.0,0.0,1.0,0.333,1.0,0.0,0.5,0.5,3.0,3.0,0.0,1.0,2.0,0.0,2.0,1.0,1.0,1.0,0.0,,0.0,0.0,0.0,0.0,1.0,0.0,1.0,0.0,0.0,,,,,,,,,,,,,,,,,,,,,,,,,,,,,,,,,,,,,,,,,,,,,,,,0.0,0.0,0.0,0.0,0.0,0.0,0.0,0.0,0.0,,0.0,0.0,,,,,0.0,0.0,0.0,0.0,0.0,,0.0,1.0,,,,0.0,,0.0,0.0,,,0.462,6.0,0.245,-0.15,0.612,13.0,,,0.0,,,,0.0,,0.0,,,,0.0,,,0.0,,0.0,0.0,0.0,0.0,,0.0,,,1.0,0.0,,,,,0,0,-0.536,,,0.536,,,,,,0.0,0.577,2.0,0.0,1.0,0.0,0.647,0.0,1.0,0.0,0.0,0.397,1.0,0.0,1.0,1.0,0.0,0.0,1.0,1.0,1.0,0.0,0.0,1.0,0.0,0.0,0.0,0.0,1.0,0.0,0.0,0.0,1.0,0.0,0.0,0.0,0.0,1.0,0.0,0.0,0.0,0.0,0.0,0.0,0.0,0.0,0.0,0.0,0.0,0.0,6.57,0.0,0.1,2026,,22500067,,20251126,2025-26,False,SAS,ang Hansen,1.0,0.0,1.0,0.0,1.2,0.0,0.0,1.0,1.0,95.0,95.0,95.0,185.0,157.0,171.0,157.0,100.0,153.0,100.0,101.0,109.0,101.0,107.0,134.0,151.0,145.0,124.0,93.0,71.0,1.0,1.0,129.0,163.0,89.0,179.0,12.0,1.0,178.0,1.0,101.0,0.0,171.0,1.0,157.0,145.0,6.0,0.0,0.0,92.0,92.0,1.0,155.0,1.0,145.0,106.0,1.0,185.0,139.35,97.0,1.0,14.0,0.0,10.0,157.0,7.0,185.0,185.0,163.0,107.0,18.0,1.0,2.0,2.0,0.0,1.0,POR,C,POR,,,1.0,-0.577,0.0,0.0,-0.667,0.5,1.0,0.667,-0.647,0.5,0.5,-0.397,POR,0.0,POR,1.0,2.0,0.0,364.0,1.0,,POR,SAS,POR,SAS,0.0,0.0,,0.0,,,,,0.0,2.0,0.0,0.531,-0.531,0.0,1.0,0.0,0.646,-0.646,1610612759.0
1642905,Yang Hansen,1610612757,POR,20.0,5.25,1,4,0.25,0,3,0.0,0,0,0.0,0,1,1,0,1,0,0,1,2,0,2,-8,20.0,109.1,33.3,20.0,0.083,0.2,104.2,0.0,12,-70.8,0.417,87.62,33.3,107.52,-0.4,0.25,105.14,0.0,0.25,0.0,-75.8,0.0,0.385,0.0,0.0,0.0,0.0,1.0,7.0,0.0,10.0,0.0,0.0,0.0,0.0,0.0,0.0,0.0,0.0,0.0,0.0,0.0,0.0,0.0,0.0,0.0,0.0,0.0,0.0,0.0,0.2,0.0,7.0,0.0,12.0,0.0,0.58,1.0,1.15,0.167,0.0,1.0,1.0,0.0,0.0,0.0,0.0,0.0,1.0,0.0,0.0,0.0,0.333,1.0,0.0,1.0,0.333,1.0,3.0,0.0,1.0,4.0,2.0,4.0,0.0,,,,,,,,,,,,,,0.0,0.25,1.0,0.0,,1.0,1.0,1.0,1.0,0.25,1.0,0.0,1.0,,1.0,0.0,0.0,0.25,0.0,0.25,0.0,0.0,1.0,0.0,0.0,0.0,2.0,0.0,0.0,0.0,0.5,,0.0,2.0,0.0,0.5,0.0,0.0,0.0,,,,,,,,,0.0,0.0,0.25,0.0,0.0,0.0,0.0,0.0,0.0,2.0,0.0,0.0,0.0,0.0,,1.0,0.0,0.0,0.0,1.0,1.0,,0.0,1.0,0.0,,0.0,0.0,0.0,1.0,0.0,0.0,1.0,0.553,26.0,0.278,-0.069,0.623,47.0,2.0,,0.0,,,0.0,0.0,0.0,0.0,0.0,,,0.0,,0.0,1.0,,1.0,0.0,1.0,0.0,0.0,0.0,,,1.0,0.0,0.0,3.0,0.0,0.0,0,3,-0.182,,,0.182,,1.0,0.0,0.0,0.0,,,,,,,,,1.0,0.0,0.0,0.0,0.0,0.0,0.0,0.0,0.0,0.0,1.0,0.0,0.0,0.0,0.0,0.0,0.0,0.0,0.0,0.0,0.0,0.0,0.0,1.0,0.0,0.0,0.0,0.0,0.0,0.0,0.0,0.0,0.0,0.0,0.0,0.0,0.0,0.0,0.0,3.24,0.2,5.96,4.2,0.2,0.4,2026,,22500770,,20260209,2025-26,False,PHI,ang Hansen,1.0,1.0,0.0,1.0,2.2,0.0,0.0,3.0,1.0,1.0,1.0,1.0,195.0,159.0,158.0,168.0,129.0,89.0,129.0,121.0,132.0,121.0,123.0,140.0,163.0,164.0,82.0,114.0,59.0,148.0,88.0,152.0,179.0,158.0,200.0,18.0,3.0,196.0,1.0,102.0,1.0,158.0,173.0,159.0,164.0,50.0,33.3,-75.8,210.0,210.0,174.0,210.0,91.0,164.0,132.0,91.0,210.0,105.14,209.0,79.0,94.0,109.1,2.0,175.0,3.0,210.0,210.0,184.0,123.0,35.0,4.0,68.0,68.0,2.0,,,C,POR,1.0,0.0,,,,,,,,,,,1.0,0.0,POR,0.0,POR,0.0,12.0,0.0,2177.0,5.3,,POR,PHI,POR,PHI,0.0,0.0,,0.0,0.0,0.0,,,0.0,1.0,0.0,0.233,-0.233,,,,,,1610612755.0
1642905,Yang Hansen,1610612757,POR,20.0,3.433333333333333,0,0,0.0,0,0,0.0,0,0,0.0,0,1,1,0,1,0,0,0,3,0,0,-1,100.0,150.0,137.5,100.0,0.333,0.5,163.9,0.0,8,-6.8,0.143,93.2,157.1,100.1,-0.125,0.0,111.84,0.0,0.0,0.0,-12.5,0.0,0.125,0.0,0.0,0.0,0.0,1.0,3.0,0.0,2.0,0.0,0.0,1.0,0.0,0.0,0.0,0.0,0.0,0.0,0.0,0.0,0.0,0.0,0.0,1.0,1.0,0.0,0.0,0.0,0.2,0.0,2.0,0.0,4.0,0.0,0.5,0.0,2.4,0.0,0.0,1.0,1.0,0.0,0.0,0.0,0.0,0.0,1.0,0.0,0.0,0.0,1.0,1.0,0.0,1.0,1.0,1.0,1.0,0.0,1.0,5.2,0.0,5.2,0.0,,,,,,,,,,,,,,,,,,,,,,,,,,,,,,,,,,,,,,,,,,,,,,,,,,,,,,,,,,,,,0.0,0.0,0.0,0.0,0.0,0.0,0.0,0.0,0.0,0.0,0.0,0.0,0.0,,,,0.0,0.0,0.0,0.0,0.0,,0.0,0.0,0.0,,0.0,0.0,0.0,0.0,0.0,,0.0,0.553,26.0,0.28,-0.069,0.623,47.0,0.0,,,,,,0.0,0.0,0.0,,,,,,,0.0,,0.0,,0.0,0.0,0.0,0.0,,,0.0,0.0,,,,,0,0,0.538,,,0.462,,3.0,0.404,3.0,1.0,1.0,0.563,1.0,1.0,1.0,1.0,0.569,1.0,3.0,1.0,3.0,0.389,1.0,0.0,1.0,1.0,0.0,0.0,2.0,1.0,0.0,1.0,1.0,1.0,0.0,0.0,0.0,0.0,1.0,0.0,3.0,2.0,1.0,0.0,0.0,0.0,0.0,0.0,0.0,0.0,0.0,0.0,0.0,0.0,0.0,0.0,0.0,6.28,0.1,3.6,5.03,0.2,0.3,2026,,22500755,,20260207,2025-26,False,MEM,ang Hansen,1.0,1.0,0.0,1.0,0.2,0.0,0.0,1.0,1.0,1.0,1.0,1.0,196.0,179.0,196.0,179.0,131.0,172.0,131.0,118.0,127.0,118.0,110.0,144.0,160.0,161.0,77.0,111.0,68.0,1.0,136.0,153.0,184.0,105.0,198.0,18.0,4.0,193.0,1.0,103.0,0.0,196.0,203.0,179.0,161.0,141.0,137.5,-12.5,135.0,135.0,203.0,200.0,198.0,161.0,116.0,198.0,21.0,111.84,124.0,204.0,2.0,150.0,143.0,179.0,154.0,1.0,21.0,184.0,110.0,2.0,0.0,33.0,33.0,0.0,,,C,POR,0.75,0.596,0.25,0.437,1.0,1.0,0.417,0.25,1.0,0.583,0.431,0.25,0.75,0.611,POR,0.0,POR,0.0,4.0,0.0,1452.0,3.4,,POR,MEM,POR,MEM,0.0,0.0,,0.0,,,,,4.0,4.0,1.0,0.526,0.475,1.0,1.0,1.0,0.617,0.383,1610612763.0
1642905,Yang Hansen,1610612757,POR,20.0,3.11,0,1,0.0,0,0,0.0,2,2,1.0,0,0,0,0,0,0,0,0,1,1,2,-8,0.0,171.4,66.7,0.0,0.0,0.0,193.5,0.0,6,-125.5,0.32,83.6,68.0,93.22,0.0,0.0,100.32,0.0,0.532,0.0,-104.8,0.0,0.333,0.0,0.0,0.0,0.0,0.0,2.0,0.0,2.0,0.0,0.0,0.0,0.0,0.0,0.0,0.0,0.0,0.0,0.0,0.0,0.0,0.0,0.0,0.0,0.0,0.0,0.0,2.0,0.1,2.0,2.0,0.0,4.0,1.0,0.25,1.0,1.37,0.5,1.0,,,,,,,,,,,,,,,,,,,,,,,,,,,,,,,,,,,,,,0.0,1.0,1.0,0.0,,0.0,0.0,1.0,0.0,1.0,0.0,0.0,0.0,,,,,,,,,,,,,,,,,,,,,,,,,,,,,,,,,,,0.0,2.0,0.0,2.0,0.0,0.0,0.0,0.0,0.0,0.0,0.0,0.0,0.0,,,,0.0,0.0,0.0,0.0,0.0,,0.0,1.0,0.0,,0.0,0.0,0.0,0.0,0.0,,0.0,0.551,27.0,0.285,-0.073,0.624,49.0,0.0,,,,,0.0,0.0,0.0,0.0,0.0,0.0,0.0,,0.0,0.0,0.0,,0.0,,0.0,1.0,0.0,0.0,,,0.0,0.0,,,,,0,0,0.549,,,0.451,,,,,,1.0,0.532,1.0,1.0,1.0,1.0,0.631,1.0,,,,,0.0,0.0,0.0,0.0,0.0,0.0,0.0,0.0,0.0,0.0,1.0,0.0,0.0,0.0,0.0,0.0,0.0,0.0,2.0,0.0,0.0,0.0,0.0,0.0,0.0,1.0,0.0,0.0,0.0,0.0,0.0,0.0,0.0,0.0,0.0,2.83,0.1,4.14,3.37,0.1,0.2,2026,,22500790,,20260212,2025-26,False,UTA,ang Hansen,1.0,1.0,0.0,1.0,2.0,0.0,0.0,2.0,1.0,1.0,1.0,1.0,64.0,59.0,58.0,59.0,40.0,56.0,40.0,16.0,19.0,1.0,39.0,56.0,60.0,49.0,43.0,30.0,18.0,1.0,25.0,28.0,53.0,52.0,59.0,6.0,2.0,60.0,1.0,106.0,0.0,58.0,1.0,59.0,49.0,51.0,66.7,-104.8,68.0,68.0,1.0,62.0,69.0,49.0,34.0,69.0,60.0,100.32,68.0,68.0,60.0,171.4,7.0,59.0,2.0,60.0,60.0,40.0,39.0,56.0,1.0,37.0,37.0,2.0,,,C,POR,,,1.0,0.468,1.0,1.0,0.331,1.0,1.0,0.669,0.369,1.0,,,POR,0.0,POR,1.0,4.0,0.0,1274.0,3.1,,UTA,POR,POR,UTA,0.0,0.0,,0.0,,,,,1.0,1.0,1.0,0.443,0.557,1.0,1.0,1.0,0.667,0.333,1610612762.0
1642905,Yang Hansen,1610612757,POR,20.0,4.783333333333333,1,1,1.0,0,0,0.0,0,0,0.0,1,0,1,0,0,1,0,0,1,1,2,-3,0.0,92.3,64.3,0.0,0.077,0.0,88.0,0.143,14,-18.7,0.067,112.89,69.2,133.66,0.167,1.0,135.47,0.0,1.0,0.0,-28.0,0.0,0.063,0.0,0.0,0.0,0.0,0.0,2.0,0.0,1.0,0.0,0.0,0.0,0.0,0.0,0.0,0.0,0.0,0.0,0.0,0.0,0.0,0.0,0.0,0.0,0.0,0.0,0.0,0.0,0.0,2.0,2.0,0.0,4.0,0.0,0.0,1.0,0.65,0.5,0.0,0.0,0.0,0.0,1.0,0.0,3.6,0.333,0.0,0.333,0.0,0.0,0.25,0.0,0.0,0.0,0.25,1.0,4.0,1.0,0.0,0.0,3.0,3.6,0.0,,,,,,,,,,,,,,,,,,,,,,,,,,,1.0,1.0,1.0,1.0,1.0,1.0,0.0,,0.0,0.0,1.0,1.0,1.0,,,,,,,,,,,,,,,,,,,,,,1.0,0.0,1.0,2.0,0.0,0.0,0.0,0.0,0.0,,0.0,1.0,,,0.0,,1.0,0.0,1.0,0.0,0.0,0.0,0.0,0.0,,0.0,,0.0,,0.0,0.0,,,0.542,26.0,0.281,-0.081,0.623,48.0,0.0,,0.0,,,0.0,1.0,0.0,0.0,0.0,0.0,0.0,0.0,0.0,0.0,0.0,,0.0,0.0,0.0,1.0,0.0,1.0,,,0.0,0.0,,,,,0,0,-0.578,,,0.578,,1.0,0.324,0.0,0.0,0.0,0.667,1.0,0.0,1.0,0.0,0.667,0.0,1.0,0.0,0.0,0.345,0.0,0.0,0.0,0.0,0.0,0.0,3.0,0.0,2.0,1.0,0.0,0.0,0.0,0.0,0.0,0.0,0.0,0.0,0.0,1.0,0.0,0.0,0.0,0.0,0.0,0.0,0.0,0.0,0.0,0.0,0.0,0.0,0.0,0.0,0.0,4.46,0.2,4.82,4.63,0.2,0.4,2026,,22500783,,20260211,2025-26,False,MIN,ang Hansen,1.0,0.0,1.0,0.0,6.2,0.0,0.0,5.0,1.0,154.0,154.0,154.0,285.0,230.0,278.0,1.0,183.0,250.0,183.0,158.0,165.0,158.0,89.0,265.0,235.0,229.0,195.0,60.0,103.0,1.0,70.0,133.0,262.0,174.0,267.0,20.0,3.0,269.0,1.0,110.0,1.0,278.0,1.0,230.0,229.0,3.0,64.3,-28.0,250.0,250.0,1.0,47.0,42.0,229.0,162.0,42.0,295.0,135.47,214.0,30.0,152.0,92.3,286.0,9.0,287.0,292.0,295.0,12.0,29.0,265.0,1.0,1.0,1.0,2.0,,,C,POR,0.5,-0.324,0.5,-0.667,0.0,0.0,-0.685,0.5,1.0,0.685,-0.667,0.5,0.5,-0.345,POR,0.0,POR,0.0,4.0,0.0,1965.0,4.8,,MIN,POR,POR,MIN,0.0,0.0,,0.0,,,,,0.0,2.0,0.0,0.562,-0.562,0.0,1.0,0.0,0.687,-0.687,1610612750.0
1642905,Yang Hansen,1610612757,POR,20.0,8.333333333333334,1,4,0.25,0,1,0.0,2,6,0.333,1,0,1,0,1,0,1,0,0,4,4,-12,13.1,121.1,55.0,12.5,0.05,0.0,115.7,0.083,20,-52.0,0.418,93.6,63.7,107.02,-0.111,0.25,112.32,0.0,0.301,0.0,-66.1,0.0,0.381,0.0,0.0,0.0,0.0,0.0,5.0,0.0,8.0,0.0,0.0,0.0,0.0,0.0,0.0,0.0,0.0,0.0,0.0,0.0,0.0,0.0,0.0,0.0,0.0,0.0,0.0,0.0,0.4,0.0,9.0,1.0,12.0,1.0,0.67,3.0,1.83,0.333,2.0,0.0,0.0,1.0,0.0,0.0,1.5,1.0,0.0,1.0,0.0,0.0,0.5,1.0,1.0,0.0,0.5,1.0,2.0,0.0,1.0,0.0,1.0,1.5,0.0,1.0,0.25,0.0,,0.0,0.0,0.0,0.0,0.25,0.0,1.0,0.0,0.0,0.0,0.5,2.0,0.0,,1.0,0.5,2.0,1.0,0.5,0.5,0.0,0.5,,,,,,,,,,,,,,1.0,0.0,0.0,0.0,0.25,,0.0,1.0,0.0,0.25,0.0,0.0,0.0,,,,,,,,,0.0,0.0,0.25,0.0,0.0,0.0,2.0,0.0,0.0,0.0,0.0,0.0,0.0,,,,1.0,0.0,0.0,1.0,1.0,,0.0,2.0,0.0,,0.0,0.0,0.0,0.5,0.0,,0.0,0.547,29.0,0.29,-0.076,0.624,53.0,0.0,0.0,0.0,0.0,,0.0,0.0,0.0,0.0,0.0,,,0.0,,0.0,1.0,,0.5,0.0,1.0,1.0,0.0,0.0,,0.0,2.0,0.0,0.0,1.0,0.0,0.0,0,1,-0.009,,,0.463,,3.0,0.421,1.0,0.333,0.5,0.566,8.0,4.0,5.0,2.0,0.596,0.4,4.0,0.25,1.0,0.415,1.0,0.0,1.0,1.0,0.0,0.0,4.0,0.0,2.0,0.0,0.0,0.0,0.0,0.0,0.0,0.0,1.0,0.0,0.0,2.0,1.0,1.0,0.0,2.0,2.0,1.0,0.0,0.0,0.0,0.0,0.0,0.0,0.5,1.0,1.0,4.24,0.3,4.0,4.81,0.3,0.7,2026,,22500810,,20260220,2025-26,False,DEN,ang Hansen,1.0,0.0,1.0,0.0,7.2,0.0,0.0,7.0,1.0,101.0,101.0,101.0,172.0,144.0,137.0,163.0,119.0,131.0,119.0,49.0,18.0,99.0,52.0,174.0,153.0,160.0,86.0,105.0,23.0,1.0,1.0,16.0,144.0,151.0,168.0,18.0,2.0,164.0,1.0,112.0,1.0,137.0,119.0,144.0,160.0,74.0,55.0,-66.1,192.0,192.0,126.0,190.0,127.0,160.0,116.0,127.0,192.0,112.32,185.0,106.0,136.0,121.1,3.0,168.0,5.0,191.0,192.0,170.0,33.0,174.0,4.0,41.0,41.0,4.0,1.0,POR,C,POR,0.273,-0.088,0.727,-0.066,0.5,2.0,-0.12,0.364,4.0,0.62,-0.196,0.455,0.364,-0.165,POR,0.0,POR,2.0,12.0,2.0,3450.0,8.3,,POR,DEN,POR,DEN,0.0,0.0,,0.0,0.0,0.0,,,5.0,11.0,0.455,0.474,-0.019,2.0,4.0,0.5,0.636,-0.136,1610612743.0
1642905,Yang Hansen,1610612757,POR,20.0,5.783333333333333,0,1,0.0,0,1,0.0,0,0,0.0,0,1,1,1,0,0,0,0,0,0,0,-11,0.0,115.4,30.8,0.0,0.071,0.167,116.5,0.0,13,-83.1,0.071,89.91,33.3,103.25,0.067,0.0,107.9,0.5,0.0,50.0,-84.6,0.0,0.067,0.111,0.111,0.0,2.0,1.0,9.0,1.0,8.0,0.0,0.0,0.0,0.0,0.0,0.0,0.0,0.0,0.0,0.0,0.0,0.0,0.0,0.0,0.0,0.0,0.0,0.0,0.0,0.6,0.0,6.0,0.0,13.0,0.0,1.08,0.0,2.7,0.0,0.0,0.0,1.0,0.0,0.0,0.0,0.0,0.0,0.0,0.0,1.0,0.0,1.0,0.0,0.0,1.0,1.0,1.0,1.0,1.0,0.0,5.5,0.0,5.5,0.0,,,,,,,,,,,,,,,,,,,,,,,,,,,,,,,,,,,,,,,,1.0,0.0,0.0,0.0,1.0,,0.0,1.0,0.0,1.0,0.0,0.0,0.0,,,,,,,,,0.0,0.0,0.0,0.0,0.0,0.0,0.0,0.0,0.0,0.0,0.0,0.0,0.0,0.0,0.0,0.0,0.0,0.0,0.0,1.0,0.0,0.0,0.0,0.0,0.0,0.0,0.0,0.0,0.0,0.0,0.0,0.0,0.0,0.571,32.0,0.296,-0.052,0.623,56.0,0.0,0.0,0.0,0.0,,0.0,0.0,0.0,0.0,0.0,0.0,0.0,0.0,0.0,0.0,1.0,,,0.0,,0.0,0.0,0.0,,0.0,,0.0,0.0,1.0,0.0,0.0,0,1,-0.045,,,0.445,,3.0,0.37,0.0,0.0,1.0,0.439,2.0,2.0,2.0,2.0,0.509,1.0,3.0,0.0,0.0,0.367,0.0,0.0,0.0,0.0,0.0,0.0,1.0,0.0,0.0,1.0,0.0,0.0,0.0,0.0,0.0,0.0,0.0,0.0,0.0,1.0,0.0,0.0,0.0,0.0,0.0,0.0,0.0,0.0,0.0,0.0,0.0,0.0,0.0,0.0,0.0,3.48,0.2,4.24,3.82,0.2,0.4,2026,,22500873,,20260301,2025-26,False,ATL,ang Hansen,1.0,0.0,1.0,0.0,2.7,0.0,0.0,2.0,1.0,122.0,122.0,122.0,210.0,209.0,214.0,209.0,127.0,158.0,127.0,124.0,130.0,124.0,118.0,157.0,176.0,134.0,156.0,122.0,83.0,1.0,1.0,160.0,214.0,195.0,221.0,17.0,2.0,221.0,1.0,105.0,0.0,214.0,1.0,209.0,9.0,76.0,30.8,-84.6,244.0,244.0,1.0,153.0,159.0,3.0,133.0,159.0,243.0,107.9,242.0,166.0,120.0,115.4,225.0,209.0,227.0,242.0,243.0,214.0,118.0,78.0,1.0,34.0,34.0,0.0,,,C,POR,0.6,-0.37,0.4,0.561,1.0,2.0,0.437,0.4,2.0,0.564,0.491,0.4,0.6,-0.367,POR,0.0,POR,0.0,13.0,0.0,2159.0,5.8,,ATL,POR,POR,ATL,0.0,0.0,,0.0,0.0,0.0,,,2.0,5.0,0.4,0.442,-0.042,2.0,2.0,1.0,0.591,0.41,1610612737.0
1642905,Yang Hansen,1610612757,POR,20.0,2.25,1,2,0.5,0,1,0.0,0,0,0.0,1,0,1,0,0,0,0,0,0,0,2,0,0.0,100.0,100.0,0.0,0.25,0.0,133.3,0.333,4,-33.3,0.286,71.11,100.0,74.67,0.3,0.5,85.33,0.0,0.5,0.0,0.0,0.0,0.286,0.0,0.0,0.0,0.0,0.0,3.0,0.0,3.0,0.0,0.0,0.0,0.0,0.0,0.0,0.0,0.0,0.0,0.0,0.0,0.0,0.0,0.0,0.0,0.0,0.0,0.0,0.0,0.2,2.0,4.0,0.0,5.0,1.0,0.6,1.0,2.03,0.4,1.0,0.0,0.0,1.0,0.0,0.0,2.3,1.0,0.0,1.0,0.0,0.0,1.0,1.0,1.0,0.0,1.0,0.0,1.0,0.0,1.0,0.0,1.0,2.3,0.0,,,,,,,,,,,,,,0.0,0.5,1.0,0.0,,1.0,1.0,1.0,1.0,0.5,1.0,0.0,1.0,,,,,,,,,,,,,,1.0,0.0,0.0,0.0,0.5,,0.0,1.0,0.0,0.5,0.0,0.0,0.0,,,,,,,,,1.0,0.0,0.5,2.0,0.0,0.0,0.0,0.0,0.0,0.0,0.0,1.0,0.0,,0.0,,1.0,,1.0,1.0,0.0,0.0,,0.0,0.0,0.0,0.0,,0.0,0.0,0.0,,0.0,0.556,30.0,0.293,-0.07,0.625,54.0,0.0,,,,,,1.0,0.0,0.0,,0.0,0.0,,0.0,,1.0,,0.0,,0.0,1.0,0.0,1.0,,,0.0,0.0,,0.0,0.0,,0,0,0.257,,,0.743,,,,,,1.0,0.749,1.0,1.0,1.0,1.0,0.749,1.0,,,,,1.0,0.0,0.0,1.0,0.0,0.0,0.0,1.0,0.0,0.0,0.0,1.0,0.0,1.0,0.0,0.0,0.0,1.0,0.0,0.0,1.0,0.0,0.0,0.0,0.0,0.0,0.0,1.0,0.0,0.0,0.0,1.0,0.0,0.0,0.0,5.78,0.1,4.14,2.41,0.1,0.1,2026,,22500863,,20260228,2025-26,False,CHA,ang Hansen,1.0,0.0,1.0,0.0,3.2,0.0,0.0,3.0,1.0,58.0,58.0,58.0,108.0,85.0,96.0,37.0,63.0,77.0,63.0,54.0,63.0,54.0,38.0,100.0,86.0,82.0,69.0,51.0,33.0,1.0,1.0,80.0,95.0,56.0,102.0,9.0,1.0,101.0,1.0,96.0,1.0,96.0,1.0,85.0,82.0,114.0,100.0,0.0,59.0,59.0,1.0,4.0,33.0,82.0,59.0,33.0,77.0,85.33,103.0,97.0,1.0,100.0,13.0,57.0,12.0,78.0,77.0,67.0,1.0,100.0,2.0,114.0,114.0,2.0,,,C,POR,,,1.0,0.251,1.0,1.0,0.242,1.0,1.0,0.758,0.251,1.0,,,POR,0.0,POR,1.0,5.0,0.0,726.0,2.3,,CHA,POR,POR,CHA,0.0,1.0,0.0,0.0,0.0,1.0,0.0,0.0,1.0,1.0,1.0,0.745,0.255,1.0,1.0,1.0,0.774,0.226,1610612766.0
1642905,Yang Hansen,1610612757,POR,20.0,4.166666666666667,1,2,0.5,0,0,0.0,3,3,1.0,1,0,1,0,0,0,0,0,0,2,5,-1,0.0,128.6,114.3,0.0,0.091,0.0,156.3,0.2,7,-47.0,0.356,67.2,109.3,75.34,0.333,0.5,80.64,0.0,0.753,0.0,-14.3,0.0,0.333,0.0,0.0,0.0,0.0,0.0,1.0,0.0,2.0,0.0,0.0,0.0,0.0,0.0,0.0,0.0,0.0,0.0,0.0,0.0,0.0,0.0,0.0,0.0,0.0,0.0,0.0,0.0,0.0,1.5,3.0,0.0,4.0,0.0,0.0,2.0,0.74,1.25,0.0,0.0,0.0,1.0,0.0,0.0,3.8,0.25,0.0,0.25,0.0,0.0,0.25,1.0,1.0,0.0,0.25,0.0,4.0,0.0,1.0,0.0,4.0,3.8,0.0,1.0,0.5,0.0,,0.0,0.0,0.0,0.0,0.5,0.0,1.0,0.0,0.0,0.0,0.5,1.0,0.0,,1.0,1.0,1.0,1.0,0.5,1.0,0.0,1.0,,,,,,,,,,,,,,,,,,,,,,,,,,,,,,,,,,,0.5,0.0,0.5,3.0,0.0,0.0,0.0,0.0,0.0,0.0,0.0,1.0,0.0,,0.0,,2.0,,0.5,0.0,0.0,0.0,,0.0,0.0,0.0,0.0,,0.0,0.0,0.0,,0.0,0.579,33.0,0.298,-0.044,0.622,57.0,0.0,0.0,,0.0,,,0.5,0.0,0.0,,0.0,0.0,,0.0,,0.0,,0.0,,0.0,2.0,0.0,1.0,,0.0,0.0,0.0,,,,,0,0,0.048,,,0.452,,1.0,0.381,0.0,0.0,1.0,0.519,1.0,1.0,1.0,1.0,0.56,1.0,1.0,0.0,0.0,0.39,1.0,0.0,0.0,1.0,0.0,0.0,2.0,1.0,0.0,0.0,0.0,1.0,0.0,1.0,0.0,0.0,0.0,1.0,0.0,2.0,1.0,0.0,0.0,0.0,0.0,0.0,0.0,0.0,0.0,0.0,0.0,0.0,0.0,0.0,0.0,4.59,0.1,3.03,3.91,0.2,0.3,2026,,22500929,,20260308,2025-26,False,IND,ang Hansen,1.0,1.0,0.0,1.0,6.2,0.0,0.0,6.0,1.0,1.0,1.0,1.0,211.0,149.0,185.0,69.0,125.0,181.0,125.0,40.0,59.0,1.0,55.0,188.0,168.0,170.0,127.0,89.0,68.0,1.0,1.0,67.0,135.0,109.0,189.0,15.0,3.0,189.0,1.0,102.0,1.0,185.0,1.0,149.0,170.0,222.0,114.3,-14.3,146.0,146.0,1.0,3.0,172.0,170.0,108.0,172.0,113.0,80.64,203.0,220.0,89.0,128.6,8.0,104.0,9.0,135.0,113.0,41.0,6.0,188.0,2.0,222.0,222.0,5.0,1.0,POR,C,POR,0.5,-0.381,0.5,0.481,1.0,1.0,0.423,0.5,1.0,0.577,0.44,0.5,0.5,-0.39,POR,0.0,POR,0.0,4.0,0.0,1607.0,4.2,,POR,IND,POR,IND,0.0,0.0,,0.0,,,,,1.0,2.0,0.5,0.469,0.031,1.0,1.0,1.0,0.625,0.375,1610612754.0
1642905,Yang Hansen,1610612757,POR,20.0,0.815,0,0,0.0,0,0,0.0,0,0,0.0,0,0,0,0,0,0,0,0,0,0,0,-3,0.0,150.0,0.0,0.0,0.0,0.0,123.0,0.0,2,-123.0,0.0,98.16,0.0,101.3,0.0,0.0,117.79,0.0,0.0,0.0,-150.0,0.0,0.0,0.0,0.0,0.0,0.0,0.0,1.0,0.0,1.0,0.0,0.0,0.0,0.0,0.0,0.0,0.0,0.0,0.0,0.0,0.0,0.0,0.0,0.0,0.0,0.0,0.0,0.0,0.0,0.0,0.0,1.0,0.0,1.0,0.0,0.0,0.0,0.52,0.0,0.0,,,,,,,,,,,,,,,,,,,,,,,,,,,,,,,,,,,,,,,,,,,,,,,,,,,,,,,,,,,,,,,,,,,,,,,,,,,,,,,,,,,,,0.0,0.0,0.0,0.0,0.0,0.0,0.0,0.0,0.0,,0.0,0.0,,,,,0.0,,0.0,0.0,,,,,,,,,,,0.0,,,0.586,34.0,0.302,-0.038,0.624,58.0,,,,,,,0.0,,0.0,,,,,,,0.0,,,,,0.0,,0.0,,,,0.0,,,,,0,0,0.535,,,0.465,,,,,,1.0,0.569,1.0,1.0,1.0,1.0,0.594,1.0,,,,,,,,,,,,,,,,,,,,,,,,,,0.0,0.0,0.0,0.0,0.0,0.0,0.0,0.0,0.0,0.0,0.0,0.0,0.0,0.0,0.0,0.0,0.0,6.41,0.0,0.1,2026,,22500967,,20260313,2025-26,False,UTA,ang Hansen,1.0,1.0,0.0,1.0,0.0,0.0,0.0,0.0,1.0,1.0,1.0,1.0,163.0,148.0,159.0,148.0,96.0,137.0,96.0,86.0,88.0,86.0,100.0,150.0,159.0,133.0,113.0,96.0,57.0,1.0,1.0,116.0,150.0,100.0,162.0,10.0,2.0,162.0,1.0,107.0,0.0,159.0,1.0,148.0,133.0,88.0,0.0,-150.0,165.0,165.0,1.0,142.0,160.0,133.0,95.0,160.0,163.0,117.79,165.0,125.0,159.0,150.0,161.0,148.0,161.0,163.0,163.0,150.0,100.0,150.0,0.0,3.0,3.0,0.0,,,C,POR,,,1.0,0.431,1.0,1.0,0.342,1.0,1.0,0.658,0.406,1.0,,,,0.0,POR,0.0,1.0,0.0,345.0,0.8,,POR,UTA,POR,UTA,0.0,0.0,,0.0,,,,,1.0,1.0,1.0,0.464,0.536,1.0,1.0,1.0,0.641,0.359,1610612762.0
1642905,Yang Hansen,1610612757,POR,20.0,9.016666666666667,2,2,1.0,0,0,0.0,0,1,0.0,0,3,3,0,0,0,0,0,0,1,4,2,0.0,136.8,155.6,0.0,0.273,0.429,139.5,0.0,18,9.8,0.13,82.07,149.3,99.55,0.111,1.0,98.48,0.0,0.82,0.0,18.7,0.0,0.111,0.0,0.0,0.0,0.0,0.0,7.0,0.0,5.0,0.0,1.0,0.0,0.0,0.0,0.0,2.0,2.0,0.0,0.0,0.0,1.0,0.0,0.0,0.0,1.0,0.0,1.0,0.0,0.5,1.0,5.0,0.0,9.0,0.0,2.44,2.0,3.31,0.444,0.0,0.667,1.0,0.0,0.0,0.0,0.0,0.0,2.0,0.0,1.0,0.0,1.0,2.0,0.0,1.0,1.0,3.0,3.0,1.0,0.667,5.9,0.0,5.9,0.0,,,,,,,,,,,,,,0.0,1.0,2.0,0.0,,2.0,1.0,2.0,2.0,1.0,1.0,0.0,1.0,,,,,,,,,,,,,,,,,,,,,,,,,,,,,,,,,,,1.0,0.0,1.0,2.0,0.0,0.0,0.0,0.0,0.0,0.0,0.0,2.0,0.0,0.0,0.0,0.0,2.0,0.0,1.0,0.0,0.0,0.0,0.0,0.0,0.0,0.0,0.0,0.0,0.0,0.0,0.0,0.0,0.0,0.576,34.0,0.301,-0.048,0.625,59.0,0.0,0.0,0.0,0.0,,0.0,1.0,0.0,0.0,0.0,0.0,0.0,0.0,0.0,0.0,0.0,,0.0,0.0,0.0,2.0,0.0,2.0,,0.0,0.0,0.0,,,,,0,0,-0.29,,,0.54,,2.0,0.349,0.0,0.0,0.5,0.75,2.0,1.0,1.0,0.0,0.773,0.0,2.0,0.0,0.0,0.336,0.0,0.0,0.0,0.0,0.0,1.0,5.0,0.0,4.0,0.0,0.0,0.0,0.0,0.0,2.0,2.0,0.0,0.0,0.0,1.0,0.0,0.0,0.0,0.0,0.0,0.0,0.0,0.0,0.0,0.0,0.0,0.0,0.0,0.0,0.0,3.54,0.3,3.92,3.73,0.3,0.6,2026,,22501045,,20260323,2025-26,False,BKN,ang Hansen,1.0,1.0,0.0,1.0,7.6,0.0,0.0,7.0,1.0,1.0,1.0,1.0,189.0,138.0,188.0,1.0,132.0,183.0,132.0,114.0,109.0,114.0,110.0,70.0,106.0,183.0,142.0,116.0,70.0,1.0,1.0,106.0,166.0,93.0,187.0,11.0,2.0,186.0,1.0,107.0,2.0,188.0,1.0,138.0,183.0,173.0,155.6,18.7,56.0,56.0,1.0,85.0,185.0,183.0,126.0,185.0,4.0,98.48,85.0,198.0,2.0,136.8,168.0,11.0,172.0,11.0,4.0,41.0,110.0,5.0,2.0,177.0,177.0,4.0,,,C,POR,0.5,-0.349,0.5,-0.25,0.0,0.0,-0.778,0.25,1.0,0.778,-0.773,0.25,0.5,-0.336,POR,0.0,POR,0.0,9.0,0.0,3223.0,9.0,,POR,BKN,POR,BKN,0.0,0.0,,0.0,,,,,1.0,4.0,0.25,0.534,-0.284,0.0,1.0,0.0,0.711,-0.711,1610612751.0
1642905,Yang Hansen,1610612757,POR,20.0,10.75,1,5,0.2,0,2,0.0,4,4,1.0,1,3,4,0,2,0,1,0,3,4,6,1,22.8,95.7,104.5,22.2,0.182,0.3,94.0,0.083,22,11.3,0.326,83.72,105.3,101.0,0.036,0.2,100.47,0.0,0.444,0.0,8.9,0.0,0.333,0.0,0.0,0.0,0.0,0.0,12.0,0.0,12.0,0.0,1.0,0.0,0.0,0.0,0.0,0.0,0.0,0.0,0.0,0.0,0.0,0.0,0.0,0.0,1.0,0.0,0.0,2.0,0.7,1.333,12.0,2.0,21.0,2.0,0.9,3.0,1.92,0.286,1.0,0.667,0.5,0.0,1.0,0.0,5.7,1.0,2.0,1.0,1.0,2.0,0.667,2.0,0.0,0.75,1.0,6.0,6.0,2.0,0.5,2.1,1.0,3.0,2.0,,,,,,,,,,,,,,0.0,0.4,2.0,0.0,,0.0,0.0,2.0,0.0,0.4,0.0,0.0,0.0,1.0,2.0,0.5,0.2,0.4,0.5,0.2,0.0,0.0,1.0,1.0,1.0,1.0,1.0,0.0,0.0,0.0,0.2,,0.0,1.0,0.0,0.2,0.0,0.0,0.0,,,,,,,,,1.0,4.0,0.2,4.0,0.0,1.0,2.0,0.0,0.0,0.0,0.0,1.0,,0.0,0.0,0.0,3.0,0.0,0.333,2.0,0.0,0.0,0.0,0.0,0.0,0.0,0.0,0.0,,0.0,0.0,0.0,,0.567,34.0,0.296,-0.061,0.627,60.0,0.0,0.0,0.0,0.0,,0.0,0.333,0.0,0.0,0.0,0.0,0.0,0.0,0.0,0.0,2.0,,0.0,0.0,0.0,3.0,0.0,1.0,,0.0,0.0,0.0,0.0,2.0,0.0,0.0,0,2,-0.195,,,0.48,,2.0,0.31,0.0,0.0,0.4,0.568,5.0,2.0,2.0,0.0,0.607,0.0,3.0,0.333,1.0,0.335,1.0,0.0,1.0,1.0,0.0,0.0,5.0,0.0,4.0,0.0,1.0,0.0,0.0,0.0,0.0,0.0,1.0,0.0,2.0,1.0,1.0,2.0,0.0,2.0,2.0,0.0,0.0,0.0,0.0,0.0,0.0,0.0,1.0,1.0,1.0,4.22,0.4,3.98,3.59,0.4,0.7,2026,,22501087,,20260329,2025-26,False,WAS,ang Hansen,1.0,1.0,0.0,1.0,11.8,0.0,0.0,12.0,1.0,1.0,1.0,1.0,167.0,148.0,122.0,167.0,110.0,106.0,110.0,19.0,29.0,1.0,47.0,64.0,60.0,149.0,29.0,102.0,13.0,1.0,147.0,22.0,123.0,89.0,143.0,10.0,1.0,134.0,1.0,103.0,1.0,122.0,182.0,148.0,149.0,87.0,104.5,8.9,84.0,84.0,186.0,156.0,48.0,149.0,95.0,48.0,128.0,100.47,78.0,45.0,18.0,95.7,19.0,167.0,10.0,127.0,128.0,147.0,34.0,14.0,5.0,94.0,94.0,6.0,,,C,POR,0.286,-0.31,0.714,-0.168,0.0,0.0,-0.671,0.143,1.0,0.671,-0.607,0.286,0.429,-0.002,POR,0.0,POR,1.0,21.0,2.0,3876.0,10.8,,POR,WAS,POR,WAS,0.0,0.0,,0.0,0.0,0.0,,,2.0,7.0,0.286,0.49,-0.204,0.0,1.0,0.0,0.658,-0.658,1610612764.0
1642905,Yang Hansen,1610612757,POR,20.0,1.8666666666666667,0,0,0.0,0,0,0.0,0,0,0.0,0,0,0,0,0,0,0,0,0,0,0,1,0.0,50.0,100.0,0.0,0.0,0.0,66.7,0.0,3,37.5,0.0,75.0,104.2,75.6,0.0,0.0,90.0,0.0,0.0,0.0,50.0,0.0,0.0,0.0,0.0,0.0,0.0,0.0,1.0,0.0,0.0,0.0,0.0,0.0,0.0,0.0,0.0,0.0,0.0,0.0,0.0,0.0,0.0,0.0,0.0,0.0,0.0,0.0,0.0,0.0,0.0,0.0,0.0,0.0,1.0,0.0,0.0,0.0,1.52,0.0,0.0,,,,,,,,,,,,,,,,,,,,,,,,,,,,,,,,,,,,,,,,,,,,,,,,,,,,,,,,,,,,,,,,,,,,,,,,,,,,,,,,,,,,,0.0,0.0,0.0,0.0,0.0,0.0,0.0,0.0,0.0,,0.0,0.0,,,,,0.0,0.0,0.0,0.0,0.0,,0.0,0.0,,,,0.0,,0.0,0.0,,,0.565,35.0,0.302,-0.065,0.629,62.0,,0.0,,0.0,,0.0,0.0,,0.0,0.0,,,,,0.0,0.0,,0.0,,0.0,0.0,,0.0,,0.0,0.0,0.0,,,,,0,0,-0.2,,,0.7,,,,,,0.5,0.778,2.0,1.0,2.0,1.0,0.778,0.5,,,,,0.0,0.0,0.0,0.0,0.0,0.0,2.0,0.0,2.0,0.0,0.0,0.0,0.0,0.0,0.0,0.0,0.0,0.0,0.0,0.0,0.0,0.0,0.0,0.0,0.0,0.0,0.0,0.0,0.0,0.0,0.0,0.0,0.0,0.0,0.0,6.84,0.1,4.95,2.87,0.1,0.1,2026,,22501183,,20260410,2025-26,False,LAC,ang Hansen,1.0,1.0,0.0,1.0,0.0,0.0,0.0,0.0,1.0,1.0,1.0,1.0,315.0,281.0,306.0,281.0,182.0,262.0,182.0,178.0,189.0,178.0,177.0,266.0,286.0,247.0,202.0,176.0,93.0,1.0,1.0,227.0,293.0,148.0,314.0,31.0,5.0,314.0,1.0,95.0,0.0,306.0,1.0,281.0,247.0,321.0,100.0,50.0,11.0,11.0,1.0,277.0,2.0,247.0,173.0,2.0,221.0,90.0,34.0,8.0,286.0,50.0,314.0,281.0,314.0,211.0,221.0,293.0,177.0,266.0,0.0,307.0,307.0,0.0,,,C,POR,,,1.0,-0.278,0.5,1.0,-0.214,1.0,2.0,0.714,-0.278,1.0,,,POR,0.0,POR,0.0,1.0,0.0,642.0,1.9,,POR,LAC,POR,LAC,0.0,0.0,,0.0,,,,,1.0,2.0,0.5,0.7,-0.2,1.0,2.0,0.5,0.714,-0.214,1610612746.0
1642905,Yang Hansen,1610612757,POR,20.0,1.65,0,0,0.0,0,0,0.0,0,0,0.0,0,1,1,0,0,0,0,0,0,0,0,-4,0.0,133.3,0.0,0.0,0.25,0.5,103.1,0.0,3,-103.1,0.0,72.73,0.0,85.53,1.0,0.0,87.27,0.0,0.0,0.0,-133.3,0.0,0.0,0.0,0.0,0.0,0.0,0.0,3.0,0.0,1.0,0.0,0.0,0.0,0.0,0.0,0.0,0.0,0.0,0.0,0.0,0.0,0.0,0.0,0.0,0.0,0.0,0.0,0.0,0.0,0.1,0.0,1.0,0.0,3.0,0.0,0.33,0.0,1.63,0.0,0.0,0.0,1.0,0.0,0.0,0.0,0.0,0.0,0.0,0.0,1.0,0.0,1.0,0.0,0.0,1.0,1.0,1.0,1.0,1.0,0.0,3.8,0.0,3.8,0.0,,,,,,,,,,,,,,,,,,,,,,,,,,,,,,,,,,,,,,,,,,,,,,,,,,,,,,,,,,,,,0.0,0.0,0.0,0.0,0.0,0.0,0.0,0.0,0.0,0.0,0.0,0.0,,0.0,0.0,0.0,0.0,,0.0,0.0,,0.0,,,0.0,0.0,0.0,,,,0.0,0.0,,0.571,36.0,0.304,-0.06,0.631,63.0,0.0,,,,,,0.0,0.0,0.0,,0.0,0.0,,0.0,,0.0,,,,,0.0,0.0,0.0,,,,0.0,,,,,0,0,-0.05,,,0.55,,1.0,0.278,0.0,0.0,1.0,0.601,1.0,1.0,1.0,1.0,0.624,1.0,1.0,0.0,0.0,0.265,0.0,0.0,0.0,0.0,0.0,0.0,1.0,0.0,1.0,0.0,0.0,0.0,0.0,0.0,0.0,0.0,0.0,0.0,0.0,0.0,0.0,0.0,0.0,0.0,0.0,0.0,0.0,0.0,0.0,0.0,0.0,0.0,0.0,0.0,0.0,6.53,0.0,0.0,3.22,0.1,0.1,2026,,22501200,,20260412,2025-26,False,SAC,ang Hansen,1.0,1.0,0.0,1.0,1.2,0.0,0.0,1.0,1.0,1.0,1.0,1.0,305.0,292.0,306.0,292.0,187.0,258.0,187.0,174.0,187.0,174.0,180.0,212.0,245.0,258.0,200.0,171.0,103.0,1.0,1.0,224.0,297.0,184.0,300.0,34.0,4.0,302.0,1.0,99.0,0.0,306.0,1.0,292.0,258.0,306.0,0.0,-133.3,307.0,307.0,1.0,2.0,248.0,258.0,180.0,248.0,306.0,87.27,306.0,96.0,6.0,133.3,307.0,292.0,307.0,306.0,306.0,297.0,180.0,1.0,0.0,307.0,307.0,0.0,,,C,POR,0.5,-0.278,0.5,0.399,1.0,1.0,0.302,0.5,1.0,0.698,0.376,0.5,0.5,-0.265,POR,0.0,POR,0.0,3.0,0.0,561.0,,,POR,SAC,POR,SAC,0.0,0.0,,0.0,,,,,1.0,2.0,0.5,0.55,-0.05,1.0,1.0,1.0,0.698,0.302,1610612758.0
1642905,Yang Hansen,1610612757,POR,20.0,0.9833333333333332,0,0,0.0,0,0,0.0,0,0,0.0,0,1,1,0,0,0,0,0,0,0,0,0,0.0,0.0,0.0,0.0,0.5,1.0,0.0,0.0,2,0.0,0.0,81.36,0.0,48.81,0.0,0.0,97.63,0.0,0.0,0.0,0.0,0.0,0.0,0.0,0.0,0.0,0.0,0.0,1.0,0.0,0.0,0.0,0.0,0.0,0.0,0.0,0.0,0.0,0.0,0.0,0.0,0.0,0.0,0.0,0.0,0.0,0.0,0.0,0.0,0.0,0.0,0.0,0.0,0.0,1.0,0.0,0.0,0.0,0.8,0.0,0.0,0.0,1.0,0.0,0.0,0.0,0.0,0.0,0.0,0.0,1.0,0.0,1.0,0.0,0.0,1.0,1.0,1.0,1.0,1.0,0.0,8.4,1.0,8.4,0.0,,,,,,,,,,,,,,,,,,,,,,,,,,,,,,,,,,,,,,,,,,,,,,,,,,,,,,,,,,,,,0.0,0.0,0.0,0.0,0.0,0.0,0.0,0.0,0.0,,0.0,,,,,,,,,0.0,,,,,,,,,,,0.0,,,,,,,,,,,,,0.0,,,,0.0,,,,,,,0.0,0.0,,,,,,,0.0,,,0.0,,,,,0,0,,,,,,,,,,,,,,,,,,,,,,,,,,,,,,,,,,,,,,,,,,,0.0,0.0,0.0,0.0,0.0,0.0,0.0,0.0,0.0,0.0,0.0,0.0,0.0,0.0,0.0,0.0,0.0,0.0,0.0,0.0,2026,,42500153,,20260424,2025-26,True,SAS,ang Hansen,1.0,0.0,1.0,0.0,1.2,0.0,0.0,1.0,1.0,30.0,30.0,30.0,58.0,47.0,57.0,47.0,34.0,49.0,34.0,32.0,35.0,32.0,42.0,42.0,50.0,41.0,40.0,32.0,25.0,1.0,1.0,42.0,50.0,26.0,52.0,8.0,1.0,53.0,1.0,99.0,0.0,57.0,1.0,47.0,41.0,59.0,0.0,0.0,26.0,26.0,1.0,48.0,1.0,41.0,32.0,1.0,57.0,97.63,30.0,1.0,1.0,0.0,58.0,47.0,58.0,57.0,57.0,50.0,42.0,1.0,0.0,24.0,24.0,0.0,,,,POR,,,,,,,,,,,,,,,,0.0,POR,0.0,1.0,0.0,226.0,,,POR,SAS,POR,SAS,0.0,0.0,,0.0,,,,,,,,,,,,,,,1610612759.0
1642905,Yang Hansen,1610612757,POR,20.0,1.5166666666666666,0,0,0.0,0,0,0.0,0,0,0.0,0,0,0,0,0,0,0,0,0,0,0,-2,0.0,166.7,75.0,0.0,0.0,0.0,166.7,0.0,4,-62.5,0.0,92.31,104.2,93.05,0.0,0.0,110.77,0.0,0.0,0.0,-91.7,0.0,0.0,0.0,0.0,0.0,0.0,0.0,1.0,0.0,0.0,0.0,0.0,0.0,0.0,0.0,0.0,0.0,0.0,0.0,0.0,0.0,0.0,0.0,0.0,0.0,0.0,0.0,0.0,0.0,0.0,0.0,0.0,0.0,1.0,0.0,0.0,0.0,1.52,0.0,0.0,,,,,,,,,,,,,,,,,,,,,,,,,,,,,,,,,,,,,,,,,,,,,,,,,,,,,,,,,,,,,,,,,,,,,,,,,,,,,,,,,,,,,0.0,0.0,0.0,0.0,0.0,0.0,0.0,0.0,0.0,,0.0,0.0,,,0.0,,0.0,0.0,0.0,0.0,0.0,0.0,0.0,0.0,,0.0,,0.0,,0.0,0.0,,,,,,,,,0.0,,0.0,,,0.0,0.0,0.0,,0.0,0.0,0.0,0.0,0.0,0.0,,,,0.0,,0.0,0.0,0.0,,,,,,,,,0,0,,,,,,,,,,,,,,,,,,,,,,0.0,0.0,0.0,0.0,0.0,0.0,1.0,0.0,1.0,0.0,0.0,0.0,0.0,0.0,0.0,0.0,0.0,0.0,0.0,0.0,0.0,0.0,0.0,0.0,0.0,0.0,0.0,0.0,0.0,0.0,0.0,0.0,0.0,0.0,0.0,0.0,0.1,5.1,3.27,0.0,0.1,2026,,42500154,,20260426,2025-26,True,SAS,ang Hansen,1.0,0.0,1.0,0.0,0.0,0.0,0.0,0.0,1.0,50.0,50.0,50.0,91.0,75.0,86.0,75.0,43.0,71.0,43.0,50.0,53.0,50.0,47.0,70.0,77.0,59.0,53.0,46.0,36.0,1.0,1.0,65.0,82.0,54.0,89.0,6.0,1.0,90.0,1.0,100.0,0.0,86.0,1.0,75.0,59.0,72.0,75.0,-91.7,96.0,96.0,1.0,75.0,94.0,59.0,38.0,94.0,84.0,110.77,91.0,95.0,77.0,166.7,90.0,75.0,90.0,46.0,84.0,82.0,47.0,70.0,0.0,3.0,3.0,0.0,,,,POR,,,,,,,,,,,,,,,POR,0.0,POR,0.0,1.0,0.0,564.0,,,POR,SAS,POR,SAS,0.0,0.0,,0.0,,,,,,,,,,,,,,,1610612759.0
1642905,Yang Hansen,1610612757,POR,20.0,0.88,0,0,0.0,0,0,0.0,0,0,0.0,0,0,0,0,0,0,0,0,0,0,0,0,0.0,0.0,0.0,0.0,0.0,0.0,0.0,0.0,2,0.0,0.0,90.91,0.0,54.55,0.0,0.0,109.09,0.0,0.0,0.0,0.0,0.0,0.0,0.0,0.0,,0.0,0.0,0.0,0.0,0.0,0.0,0.0,0.0,0.0,0.0,0.0,0.0,0.0,0.0,0.0,0.0,0.0,0.0,0.0,0.0,0.0,0.0,0.0,0.0,0.0,0.0,0.0,0.0,0.0,0.0,0.0,0.0,0.0,0.0,0.0,,,,,,,,,,,,,,,,,,,,,,,,,,,,,,,,,,,,,,,,,,,,,,,,,,,,,,,,,,,,,,,,,,,,,,,,,,,,,,,,,,,,,0.0,0.0,0.0,0.0,0.0,0.0,0.0,0.0,0.0,,0.0,,,,,,,,,0.0,,,,,,,,,,,0.0,,,,,,,,,,0.0,,0.0,,,,,0.0,,,,,,,0.0,,,,,,,,,0.0,,0.0,,,,,0,0,,,,,,,,,,,,,,,,,,,,,,,,,,,,,,,,,,,,,,,,,,,0.0,0.0,0.0,0.0,0.0,0.0,0.0,0.0,0.0,0.0,0.0,0.0,0.0,0.0,0.0,0.0,0.0,0.0,0.0,0.0,2026,,42500151,,20260419,2025-26,True,SAS,ang Hansen,1.0,0.0,1.0,0.0,0.0,0.0,0.0,0.0,1.0,49.0,49.0,49.0,92.0,78.0,87.0,78.0,54.0,74.0,54.0,41.0,46.0,41.0,47.0,81.0,84.0,71.0,50.0,41.0,25.0,1.0,1.0,62.0,82.0,47.0,91.0,3.0,1.0,91.0,1.0,96.0,0.0,87.0,1.0,78.0,71.0,92.0,0.0,0.0,48.0,48.0,1.0,80.0,1.0,71.0,43.0,1.0,92.0,109.09,48.0,1.0,84.0,0.0,88.0,78.0,88.0,92.0,92.0,82.0,47.0,81.0,0.0,3.0,3.0,0.0,,,,POR,,,,,,,,,,,,,,,,0.0,POR,0.0,0.0,0.0,246.0,,,SAS,POR,POR,SAS,0.0,0.0,,0.0,,,,,,,,,,,,,,,1610612759.0
1642905,Yang Hansen,1610612757,POR,20.0,1.1833333333333331,0,2,0.0,0,2,0.0,0,0,0.0,0,0,0,0,0,0,0,0,0,0,0,0,0.0,0.0,0.0,0.0,0.0,0.0,0.0,0.0,3,0.0,1.0,101.41,0.0,98.97,0.667,0.0,121.69,0.0,0.0,0.0,0.0,0.0,0.667,0.0,0.0,,0.0,0.0,0.0,0.0,2.0,0.0,0.0,0.0,0.0,0.0,0.0,0.0,0.0,0.0,0.0,0.0,0.0,0.0,0.0,0.0,0.0,0.0,0.0,0.0,0.0,0.0,2.0,0.0,2.0,0.0,0.5,0.0,1.28,0.0,0.0,,,,,,,,,,,,,,,,,,,,,,,,,,,,,,,,,,,,,,,,,,,,,,,,,,,,,,,,,,,,,,,,2.0,0.0,0.0,0.0,1.0,,0.0,2.0,0.0,1.0,0.0,0.0,0.0,,,,,,,,,0.0,0.0,0.0,0.0,0.0,0.0,0.0,0.0,0.0,,0.0,,,,,,,0.0,,2.0,,,0.0,,,,,0.0,,,0.0,,,,,,,,,,,,,,0.0,,,0.0,0.0,0.0,0.0,,0.0,0.0,2.0,,,,,,,,,,,0.0,0.0,1.0,0.0,0.0,0,1,,,,,,,,,,,,,,,,,,,,,,,,,,,,,,,,,,,,,,,,,,,0.0,0.0,0.0,0.0,0.0,0.0,0.0,0.0,0.0,0.0,0.0,0.0,0.0,0.0,0.0,0.0,0.0,4.55,0.0,0.1,2026,,42500155,,20260428,2025-26,True,SAS,ang Hansen,1.0,0.0,1.0,0.0,0.0,0.0,0.0,0.0,1.0,42.0,42.0,42.0,72.0,54.0,52.0,54.0,41.0,36.0,41.0,39.0,47.0,39.0,33.0,57.0,59.0,50.0,36.0,24.0,16.0,1.0,1.0,52.0,57.0,38.0,68.0,7.0,1.0,68.0,1.0,96.0,0.0,52.0,1.0,54.0,50.0,23.0,0.0,0.0,39.0,39.0,1.0,2.0,1.0,50.0,30.0,1.0,72.0,121.69,39.0,1.0,59.0,0.0,1.0,54.0,1.0,72.0,72.0,57.0,33.0,57.0,2.0,4.0,4.0,0.0,,,,POR,,,,,,,,,,,,,,,,0.0,POR,0.0,2.0,0.0,396.0,,,SAS,POR,POR,SAS,0.0,1.0,0.0,0.0,0.0,1.0,0.0,0.0,,,,,,,,,,,1610612759.0
